Admit ID,RFP % Present,RFP Last Status,RFP Last Internal Rating,RFP Last TRACK Score,RFP Tech Ability,RFP- Learnability,Last Graduation,RFP-Communicability,RFP Avg TRACK Score,TechCategory,Trial Avg TRACK Score,Trial Communicability Score,Trial Last Internal Rating,Trial Learnability Score,Trial Techability Score,Trial % Present,Year,Practice Head,T_slope,T_intercept,L_slope,L_intercept,C_slope,C_intercept
CIC012021-8041,76%,Need No Help,Meets expectations,0.0,1.68,1.72,B.E. / B.TECH Non IT,0.86,4.26,FullStack,3.69,0.59,Exceeds expectations,1.475,1.625,100.00%,2019,Sunil,0.00426573426573426,1.653939393939394,-0.0013286713286713321,1.7269696969696966,0.0009440559440559437,0.8546969696969696
CIC012021-8044,89%,Need Less Help,Improvement needed,3.6,1.22,1.51,B.E. / B.TECH CS,0.67,3.4,AdvTech-1,3.23,0.62,Meets expectations,1.05,1.56,100.00%,2020,Dilip,0.00505244755244755,1.1784090909090914,0.005944055944055949,1.4646969696969696,0.004160839160839167,0.6404545454545454
CIC012021-8052,79%,Need Less Help,Meets expectations,4.4,1.74,1.75,B.E. / B.TECH CS,0.93,4.42,FullStack,4.46,0.94,Meets expectations,1.79,1.73,84.62%,2020,Sunil,0.0005594405594405545,1.7330303030303027,-0.008881118881118874,1.8093939393939393,-0.0013286713286713204,0.9403030303030301
CIC012021-8056,97%,Need More Help,Improvement needed,3.32,1.21,1.29,B.E. / B.TECH CS,0.74,3.24,BasicTech,3.98,1.0,Improvement needed,1.58,1.4,92.31%,2020,Dilip,0.0038898601398601384,1.1874242424242425,-0.0017832167832167848,1.3024242424242425,0.004650349650349651,0.7072727272727274
CIC012021-8066,76%,Need Less Help,Meets expectations,4.28,1.59,1.66,B.E. / B.TECH CS,0.88,4.13,AdvTech-2,3.92,1.0,Improvement needed,1.52,1.4,84.62%,2020,Sunil,0.007552447552447562,1.530909090909091,0.0010489510489510492,1.6515151515151514,0.0008391608391608388,0.8745454545454545
CIC012021-8078,74%,Need No Help,Meets expectations,0.0,1.59,1.82,B.E. / B.TECH Non IT,0.92,4.33,DeepTech,4.91,1.0,Exceeds expectations,1.97,1.94,100.00%,2018,Dilip,0.004825174825174833,1.5586363636363634,0.0050349650349650445,1.7872727272727273,-0.00209790209790209,0.9336363636363635
CIC012021-8083,63%,Need Less Help,Meets expectations,0.0,1.49,1.54,B.E. / B.TECH Non IT,0.79,3.81,StdTech,2.38,0.56,Improvement needed,0.875,0.945,78.57%,2020,Dilip,0.00564685314685315,1.4528787878787877,0.0007692307692307699,1.5333333333333332,6.211037900000876e-18,0.79
CIC012021-8090,90%,Need No Help,Meets expectations,4.28,1.6,1.76,MSc CS/IT,0.85,4.22,AdvTech-1,4.6025,0.91,Meets expectations,1.88,1.8125,100.00%,2020,Ashish,0.001765734265734274,1.5906060606060608,-0.0012587412587412598,1.7681818181818187,-0.0030419580419580447,0.8722727272727272
CIC012021-8093,92%,Need Less Help,Improvement needed,3.94,1.57,1.55,B.E. / B.TECH Non IT,0.74,3.85,FullStack,1.925,0.455,Improvement needed,0.77,0.7,77.78%,2019,Gunjan,-0.00013986013986014233,1.5642424242424242,0.0024125874125874138,1.533484848484849,0.0032954545454545433,0.7158712121212122
CIC012021-8094,81%,Need More Help,Improvement needed,3.21,1.28,1.37,B.E. / B.TECH IT,0.59,3.23,BasicTech,2.489,0.59,Improvement needed,1.085,0.81375,83.33%,2019,Ashish,-0.0006118881118881104,1.2768939393939391,-0.006153846153846135,1.4083333333333332,-0.0009790209790209862,0.5963636363636364
CIC012021-8095,25%,Need More Help,Unsatisfactory,1.75,0.7,0.7,B.E. / B.TECH Non IT,0.35,1.75,BasicTech,2.865,0.625,Unsatisfactory,1.05,1.19,100.00%,2020,Sunil,-0.002875874125874113,1.1272348484848482,-0.006853146853146858,1.2645454545454549,0.002937062937062941,0.6309090909090909
CIC012021-8099,94%,Need More Help,Improvement needed,3.4,1.25,1.47,B.E. / B.TECH IT,0.77,3.5,StdTech,3.44,0.82,Improvement needed,1.325,1.295,100.00%,2019,Ashish,-0.005603146853146852,1.288712121212121,-0.0013986013986014,1.4807575757575757,0.0010489510489510503,0.7631818181818181
CIC012021-8100,81%,Need No Help,Improvement needed,4.4,1.6,1.55,B.E. / B.TECH Non IT,0.78,3.93,AdvTech-2,4.06875,0.88,Meets expectations,1.7,1.48875,100.00%,2018,Ashish,9.615384615384411e-05,0.8591666666666666,0.0,1.0500000000000003,0.0,0.42
CIC012021-8103,88%,Need No Help,Meets expectations,4.28,1.64,1.67,B.E. / B.TECH Non IT,0.94,4.26,FullStack,4.52,0.97,Meets expectations,1.85,1.7,100.00%,2018,Ashish,0.003251748251748244,1.6213636363636366,-0.0017832167832167848,1.6840909090909093,0.0,0.9399999999999998
CIC012021-8106,90%,Need Less Help,Improvement needed,3.86,1.56,1.58,B.E. / B.TECH Non IT,0.82,3.96,FullStack,3.7775,0.79,Improvement needed,1.55,1.4375,92.86%,2019,Ashish,-0.0015034965034964956,1.5689393939393936,-0.002937062937062927,1.5990909090909091,0.0,0.82
CIC012021-8111,90%,Need No Help,Improvement needed,4.22,1.58,1.76,B.E. / B.TECH Non IT,0.76,4.1,FullStack,4.0925,0.82,Meets expectations,1.73,1.5425,100.00%,2019,Ashish,0.0038811188811188873,1.552272727272727,0.0016783216783216798,1.7490909090909095,0.0,0.7599999999999999
CIC012021-8112,98%,Need Less Help,Meets expectations,3.72,1.2,1.27,B.E. / B.TECH Non IT,0.8,3.26,BasicTech,3.81,0.79,Improvement needed,1.545,1.475,92.86%,2020,Sunil,-0.0004370629370629332,1.4824242424242424,0.0,1.5199999999999998,0.0,0.7599999999999999
CIC012021-8116,100%,Need No Help,Meets expectations,4.61,1.8,1.77,B.E. / B.TECH CS,0.89,4.46,FullStack,4.58,0.94,Meets expectations,1.76,1.88,100.00%,2019,Gunjan,0.002587412587412593,1.7815151515151517,0.00012237762237762132,1.7712878787878785,0.00237762237762238,0.8728787878787878
CIC012021-8118,81%,Need No Help,Improvement needed,4.16,1.58,1.46,B.E. / B.TECH CS,0.77,3.81,StdTech,2.555,0.63,Improvement needed,0.98,0.945,88.89%,2020,Ashish,0.0,1.58,-0.00041958041958041996,1.6827272727272726,-0.0009965034965035001,0.8277272727272728
CIC012021-8121,100%,Need Less Help,Improvement needed,3.94,1.65,1.63,B.E. / B.TECH CS,0.78,4.06,FullStack,4.385,0.88,Meets expectations,1.7,1.805,94.44%,2019,Gunjan,-0.00202797202797203,1.6615151515151514,-0.00013986013986013067,1.6242424242424245,0.00029720279720279785,0.7809848484848484
CIC012021-8126,91%,Need More Help,Unsatisfactory,2.51,0.92,1.16,B.E. / B.TECH CS,0.67,2.75,BasicTech,2.608,0.56,Improvement needed,1.19,0.8575,88.89%,2021,Sunil,0.0015559440559440565,0.9103030303030303,0.002377622377622371,1.1445454545454548,-0.0009440559440559437,0.6753030303030302
CIC012021-8153,83%,Need Less Help,Improvement needed,3.88,1.59,1.53,B.E. / B.TECH IT,0.74,3.85,AdvTech-1,3.7,0.76,Exceeds expectations,1.25,1.69,92.86%,2019,Gunjan,0.0030069930069930068,1.5687878787878786,-0.0032867132867132895,1.5496969696969698,0.0022465034965034932,0.7226893939393941
CIC012021-8154,85%,Need More Help,Improvement needed,3.0,1.05,1.28,B.E. / B.TECH IT,0.67,3.0,StdTech,3.13,0.82,Improvement needed,1.19,1.12,71.43%,2016,Ashish,0.00019230769230769247,0.8783333333333335,0.0,0.91,0.0,0.5600000000000002
CIC012021-8155,100%,Need Less Help,Meets expectations,4.12,1.61,1.61,MCA,0.82,4.04,FullStack,4.46,0.88,Exceeds expectations,1.64,1.94,92.86%,2019,Gunjan,0.0020979020979021174,1.596363636363636,0.008391608391608402,1.555454545454545,0.00036713286713286236,0.8163636363636365
CIC012021-8157,90%,Need Less Help,Meets expectations,4.06,1.65,1.57,M.E. / M.Tech CS/IT,0.78,4.0,FullStack,3.5,0.49,Meets expectations,1.52,1.49,100.00%,2018,Gunjan,0.0038461538461538373,1.6233333333333333,0.006223776223776227,1.531212121212121,-0.00022727272727272359,0.7843939393939393
CIC012021-8160,78%,Need More Help,Unsatisfactory,2.52,0.85,1.21,B.E. / B.TECH Non IT,0.63,2.69,BasicTech,3.63,0.56,Exceeds expectations,1.25,1.82,100.00%,2019,Sunil,-0.0008916083916083916,0.856212121212121,0.00055944055944056,1.2063636363636365,-0.0004895104895104892,0.6331818181818182
CIC012022-10699,87%,Need More Help,Improvement needed,3.13,1.38,1.45,B.E. / B.TECH CS,0.84,3.67,AdvTech-1,3.74,0.7,Meets expectations,1.55,1.49,86.67%,2017,Sunil,-8.856861538460906e-05,1.3207675946666666,0.00017412546153845634,1.458490912666667,0.0001342356846153854,0.7688366240666665
CIC012022-10701,88%,Need Less Help,Exceeds expectations,3.89,1.31,1.51,B.E. / B.TECH Non IT,0.96,3.78,FullStack,4.69,1.0,Meets expectations,1.84,1.85,100.00%,2020,Sunil,-0.0011800699300699158,1.325378787878788,0.007167832167832167,1.4609090909090912,0.0023776223776223702,0.9462121212121215
CIC012022-10704,91%,Need Less Help,Improvement needed,3.77,1.28,1.53,B.E. / B.TECH IT,0.79,3.61,AdvTech-1,3.98,0.85,Meets expectations,1.64,1.49,93.33%,2018,Sunil,0.007966200479020984,1.2309974746363634,0.012377622377622376,1.4495454545454547,0.00447552447552448,0.7625757575757575
CIC012022-10708,98%,Need Less Help,Meets expectations,3.76,1.43,1.48,B.E. / B.TECH Non IT,0.77,3.68,FullStack,3.4725,0.7725,Improvement needed,1.47,1.23,100.00%,2021,Nagendra,0.0045541958041958016,1.3985227272727272,0.0037062937062937117,1.4575757575757575,0.005524475524475532,0.7324242424242422
CIC012022-10709,100%,Need Less Help,Meets expectations,3.88,1.56,1.54,B.E. / B.TECH Non IT,0.78,3.88,FullStack,3.3425,0.7075,Improvement needed,1.435,1.2,100.00%,2021,Nagendra,-0.002202797202797203,1.5734848484848483,-0.0013286713286713237,1.5503030303030298,0.0061538461538461625,0.7333333333333333
CIC012022-10738,83%,Need Less Help,Improvement needed,3.55,1.24,1.32,B.E. / B.TECH Non IT,0.76,3.32,AdvTech-1,4.79,1.0,Meets expectations,1.94,1.85,100.00%,2017,Ashish,0.03447552447552449,0.8992424242424246,0.012762237762237774,1.1978787878787875,-0.002762237762237762,0.7787878787878787
CIC012022-10740,99%,Need Less Help,Meets expectations,4.15,1.58,1.58,B.Tech Information Technology,0.94,4.1,AdvTech-2,3.71,0.7,Improvement needed,1.52,1.49,71.43%,2015,Ashish,0.0009090909090909106,1.5724242424242423,0.0,1.58,0.0,0.9399999999999998
CIC012022-10743,71%,Need Less Help,Improvement needed,0.0,1.34,1.49,B.E. / B.TECH Non IT,0.81,3.64,AdvTech-2,4.2475,0.835,Meets expectations,1.57,1.8425,87.50%,2020,Gunjan,0.0023426573426573493,1.3239393939393937,0.009650349650349662,1.4272727272727272,0.001188811188811198,0.8039393939393941
CIC012022-10745,100%,Need Less Help,Improvement needed,3.99,1.61,1.54,B.E. / B.TECH Non IT,0.78,3.93,FullStack,4.16,0.82,Meets expectations,1.85,1.49,100.00%,2020,Nagendra,0.024685314685314694,1.4495454545454547,0.017797202797202805,1.4234848484848484,0.0017832167832167829,0.7709090909090908
CIC012022-10747,72%,Need Less Help,Improvement needed,3.86,1.45,1.56,B.E. / B.TECH Non IT,0.81,3.81,FullStack,4.55,0.88,Meets expectations,1.91,1.76,100.00%,2018,Nagendra,0.014876466349650352,1.3268282007272727,0.018146153433566424,1.4233393975151516,0.00370066925104895,0.7756548058848485
CIC012022-10750,81%,Need Less Help,Improvement needed,3.92,1.31,1.63,B.E. / B.TECH CS,0.68,3.61,AdvTech-1,4.28,0.91,Meets expectations,1.76,1.61,93.33%,2021,Nagendra,0.013846153846153852,1.2166666666666668,0.03409090909090908,1.4059090909090908,0.02132867132867133,0.5371969696969697
CIC012022-10757,93%,Need Less Help,Meets expectations,4.16,1.54,1.56,B.E. / B.TECH CS,0.84,3.94,FullStack,4.6825,1.0,Meets expectations,1.81,1.8725,100.00%,2018,Sunil,0.006652097902097901,1.499469696969697,0.013321678321678332,1.474242424242424,0.007867132867132864,0.7863636363636364
CIC012022-10758,94%,Need Less Help,Improvement needed,3.98,1.34,1.65,B.E. / B.TECH Non IT,0.98,3.97,FullStack,4.14,0.91,Exceeds expectations,1.7,1.53,93.75%,2015,Sunil,0.0,1.4000000000000001,0.0,1.4000000000000001,0.0,0.7000000000000001
CIC012022-10782,93%,Need No Help,Meets expectations,0.0,1.6,1.68,B.E. / B.TECH Non IT,0.85,4.12,DeepTech,3.87,0.82,Meets expectations,1.54,1.51,100.00%,2017,Nagendra,-0.0006468531468531386,1.601287878787879,-0.0011888111888111953,1.6893939393939394,0.0009440559440559449,0.8413636363636362
CIC012022-10786,93%,Need Less Help,Improvement needed,3.74,1.29,1.44,B.E. / B.TECH Non IT,0.8,3.52,AdvTech-1,3.29,0.66,Improvement needed,1.41,1.22,100.00%,2019,Gunjan,0.007972027972027975,1.2365151515151513,0.002412587412587407,1.4218181818181819,0.004055944055944062,0.7703030303030305
CIC012022-10793,98%,Need Less Help,Improvement needed,3.85,1.57,1.25,MSc CS/IT,0.63,3.45,AdvTech-1,3.5775,0.925,Improvement needed,1.58,1.0725,100.00%,2021,Gunjan,0.01202797202797204,1.485151515151515,0.023636363636363632,1.0980303030303031,0.0031818181818181763,0.6122348484848485
CIC012022-10798,83%,Need Less Help,Exceeds expectations,4.58,1.65,1.59,B.E. / B.TECH Non IT,0.85,4.09,AdvTech-1,4.08,0.94,Meets expectations,1.7,1.44,100.00%,2017,Sunil,0.0012062937062937101,1.2025757575757579,-0.00010489510489510499,1.4215151515151514,-0.00020979020979020998,0.8513636363636363
CIC012022-10803,88%,Need Less Help,Meets expectations,3.98,1.44,1.52,B.E. / B.TECH CS,0.94,3.9,FullStack,3.376666667,0.7,Improvement needed,1.416666667,1.26,100.00%,2018,Sunil,0.021249999999999984,1.2904166666666668,0.009545454545454544,1.4571212121212123,0.009790209790209784,0.8771969696969695
CIC012022-10804,93%,Need Less Help,Improvement needed,3.84,1.33,1.48,B.E. / B.TECH CS,0.77,3.57,AdvTech-1,3.95,0.82,Meets expectations,1.58,1.55,100.00%,2018,Sunil,0.005667249430069946,1.2915656564545455,0.016328671328671322,1.373030303030303,0.006818181818181819,0.7231818181818181
CIC012022-10817,82%,Need Less Help,Meets expectations,0.0,1.42,1.53,B.E. / B.TECH Non IT,0.88,3.83,AdvTech-2,3.215,0.625,Meets expectations,1.245,1.345,60.00%,2021,Sunil,0.009720279720279714,1.3534848484848485,0.005314685314685319,1.4887878787878788,0.0,0.8800000000000002
CIC012022-10823,98%,Need Less Help,Improvement needed,3.74,1.47,1.48,B.E. / B.TECH Non IT,0.69,3.64,FullStack,4.84,1.0,Exceeds expectations,1.87,1.97,92.86%,2021,Nagendra,-8.856861538460906e-05,1.3207675946666666,0.00017412546153845634,1.458490912666667,0.0001342356846153854,0.7688366240666665
CIC012022-10826,84%,Need Less Help,Improvement needed,3.84,1.39,1.47,B.E. / B.TECH Non IT,0.7,3.56,AdvTech-1,3.85,0.82,Meets expectations,1.51,1.52,100.00%,2020,Sunil,0.0034003496503496418,1.3664393939393942,0.0106993006993007,1.4004545454545454,0.005559440559440555,0.6663636363636364
CIC012022-10829,71%,Need More Help,Improvement needed,3.47,1.22,1.52,B.E. / B.TECH Non IT,0.73,3.46,AdvTech-2,3.335,0.66,Meets expectations,1.36,1.315,90.91%,2021,Ashish,-0.0036888111888111934,1.2435606060606064,0.004510489510489506,1.388181818181818,-0.0005244755244755261,0.6225757575757577
CIC012022-10830,98%,Need More Help,Improvement needed,3.86,1.36,1.3,B.E. / B.TECH Non IT,0.67,3.33,FullStack,4.57,1.0,Meets expectations,1.72,1.85,92.86%,2021,Nagendra,0.012062937062937071,1.284090909090909,0.016293706293706293,1.190757575757576,0.01594405594405595,0.5646969696969697
CIC012022-10841,85%,Need More Help,Improvement needed,3.79,1.32,1.39,B.E. / B.TECH Non IT,0.97,3.69,FullStack,3.29,0.7,Improvement needed,1.4,1.19,100.00%,2021,Sunil,0.004729020979020987,1.290719696969697,-0.0030769230769230843,1.4133333333333333,0.0046328671328671285,0.9403030303030305
CIC012022-10845,100%,Need No Help,Exceeds expectations,4.58,1.54,1.67,B.E. / B.TECH Non IT,0.82,4.03,FullStack,4.6,1.0,Meets expectations,1.84,1.76,92.86%,2021,Nagendra,0.01555944055944057,1.4380303030303028,0.008391608391608386,1.6154545454545455,0.0030419580419580386,0.7993939393939394
CIC012022-10846,100%,Need No Help,Exceeds expectations,4.46,1.48,1.46,B.E. / B.TECH Non IT,0.74,3.69,FullStack,4.07,0.76,Meets expectations,1.79,1.52,100.00%,2020,Nagendra,0.01024475524475525,1.415909090909091,0.02702797202797202,1.2851515151515154,0.009720279720279721,0.6768181818181819
CIC012022-10848,81%,Need Less Help,Meets expectations,4.52,1.73,1.72,MCA,0.99,4.44,FullStack,4.28,0.88,Meets expectations,1.85,1.55,94.12%,2022,Sunil,0.01444055944055943,1.6328030303030303,0.015454545454545448,1.6178787878787877,0.0019055944055944032,0.978030303030303
CIC012022-10851,86%,Need More Help,Meets expectations,3.7,1.25,1.42,B.E. / B.TECH Non IT,0.85,3.52,FullStack,3.033333333,0.6533333333,Improvement needed,1.353333333,1.026666667,100.00%,2018,Sunil,0.007770979020979031,1.1971969696969698,0.0056643356643356554,1.384848484848485,-0.0015734265734265774,0.8602272727272727
CIC012022-10852,98%,Need Less Help,Improvement needed,3.62,1.34,1.48,B.E. / B.TECH Non IT,0.8,3.62,StdTech,3.565,0.625,Meets expectations,1.505,1.435,90.91%,2018,Ashish,0.0050786713286713366,1.308030303030303,-0.0012587412587412568,1.4798484848484847,0.0018531468531468617,0.7887878787878788
CIC012022-10864,95%,Need Less Help,Improvement needed,3.8,1.51,1.56,B.E. / B.TECH Non IT,0.77,3.85,AdvTech-2,2.0125,0.4375,Improvement needed,0.7,0.875,87.50%,2021,Sunil,0.006818181818181822,1.4681818181818183,0.00797202797202798,1.5081818181818178,0.005139860139860141,0.739090909090909
CIC012022-10868,100%,Need Less Help,Meets expectations,4.36,1.48,1.54,B.E. / B.TECH CS,0.91,3.92,FullStack,4.075,1.0,Meets expectations,1.635,1.44,90.91%,2020,Ashish,0.004440559440559435,1.4415530303030304,-0.003444055944055938,1.5703030303030305,0.004755244755244763,0.8657575757575758
CIC012022-10873,74%,Need Less Help,Improvement needed,3.71,1.36,1.43,M.E. / M.Tech Non IT,0.92,3.71,FullStack,3.9475,1.0,Improvement needed,1.64,1.3075,100.00%,2021,Ashish,-0.004493006993006983,1.3887878787878785,-0.003846153846153859,1.455,0.0038461538461538546,0.8933333333333333
CIC012022-10883,94%,Need Less Help,Exceeds expectations,3.62,1.59,1.48,B.E. / B.TECH Non IT,0.92,3.99,AdvTech-2,4.45,1.0,Meets expectations,1.57,1.88,100.00%,2020,Nagendra,-0.0023951048951048924,1.6076515151515152,-3.4965034965028006e-05,1.4777272727272728,-0.000769230769230761,0.9233333333333332
CIC012022-10885,84%,Need Less Help,Meets expectations,4.1,1.47,1.59,B.E. / B.TECH Non IT,0.67,3.73,FullStack,4.025,0.94,Meets expectations,1.55,1.535,100.00%,2019,Gunjan,0.005979020979020975,1.418636363636364,0.007167832167832173,1.5309090909090908,0.003251748251748254,0.6396969696969697
CIC012022-10905,92%,Need No Help,Exceeds expectations,3.68,1.45,1.42,B.E. / B.TECH CS,0.75,3.62,AdvTech-2,4.85,1.0,Exceeds expectations,1.94,1.91,94.12%,2019,Ashish,0.001520979020979018,1.4388636363636362,0.00031468531468531496,1.4171212121212122,-0.0011188811188811156,0.7589393939393938
CIC012022-10906,92%,Need No Help,Exceeds expectations,3.69,1.58,1.45,B.E. / B.TECH Non IT,0.69,3.72,FullStack,4.94,0.97,Exceeds expectations,2.0,1.97,94.12%,2019,Ashish,0.00047202797202797436,1.5756818181818182,0.0024475524475524426,1.4357575757575756,-0.002377622377622384,0.707121212121212
CIC012022-10912,48%,Need Less Help,Improvement needed,3.62,1.38,1.37,B.E. / B.TECH Non IT,0.84,3.59,FullStack,3.78,0.73,Meets expectations,1.52,1.53,90.91%,2021,Ashish,0.011538461538461548,1.225,0.004440559440559442,1.4786363636363637,0.005419580419580417,0.783939393939394
CIC012022-10917,90%,Need Less Help,Meets expectations,4.03,1.51,1.64,B.E. Mechanical Engineering,0.88,4.03,AdvTech-2,4.14,0.88,Meets expectations,1.64,1.62,80.00%,2017,Sunil,0.0,1.1899999999999997,0.0,1.4000000000000001,0.0,0.7599999999999999
CIC012022-10918,90%,Need Less Help,Meets expectations,4.03,1.51,1.64,B.E. Electrical Engineering,0.88,4.03,FullStack,4.45,1.0,Exceeds expectations,1.7,1.75,90.00%,2014,Sunil,0.0,1.1899999999999997,0.0,1.4000000000000001,0.0,0.7000000000000001
CIC012022-10921,96%,Need More Help,Improvement needed,3.33,1.31,1.42,B.E. / B.TECH Non IT,0.76,3.49,AdvTech-2,4.11,0.85,Meets expectations,1.7,1.56,90.91%,2019,Ashish,-0.0050262237762237795,0.8924621212121212,-0.0027185314685314738,1.016628787878788,-0.0003146853146853107,0.5612121212121215
CIC012022-10932,100%,Need No Help,Exceeds expectations,4.64,1.47,1.69,B.E. / B.TECH CS,0.99,4.14,FullStack,4.165,0.85,Meets expectations,1.79,1.525,100.00%,2018,Gunjan,0.008111888111888106,1.3772727272727272,0.004405594405594401,1.6413636363636364,-6.993006993007e-05,0.9821212121212123
CIC012022-10935,100%,Need No Help,Exceeds expectations,4.64,1.73,1.79,M.E. / M.Tech CS/IT,0.97,4.49,FullStack,4.08,1.0,Meets expectations,1.54,1.54,100.00%,2023,Gunjan,0.004195804195804191,1.6927272727272726,0.002377622377622385,1.7728787878787875,0.0006993006993007,0.9637878787878791
CIC012022-10936,93%,Need Less Help,Meets expectations,4.16,1.59,1.6,B.E. / B.TECH CS,0.79,3.98,FullStack,4.49,0.94,Meets expectations,1.82,1.73,100.00%,2019,Sunil,-0.003776223776223768,1.6078787878787877,0.0066433566433566505,1.5584848484848486,0.002517482517482524,0.7736363636363637
CIC012022-10940,97%,Need More Help,Improvement needed,3.68,1.33,1.42,B.E. / B.TECH Non IT,0.8,3.55,AdvTech-1,4.45,0.88,Exceeds expectations,1.76,1.81,90.00%,2017,Nagendra,0.011328671328671332,1.2563636363636361,0.018356643356643353,1.2898484848484848,0.01695804195804196,0.6822727272727274
CIC012022-10942,96%,Need More Help,Unsatisfactory,2.66,0.81,1.15,B.E. / B.TECH CS,0.7,2.66,BasicTech,3.91,1.0,Improvement needed,1.82,1.09,100.00%,2020,Ashish,-0.0026136363636363544,0.8238636363636365,0.004798951048951039,1.1115151515151518,0.004335664335664326,0.671818181818182
CIC012022-10944,95%,Need No Help,Meets expectations,4.4,1.57,1.82,B.Tech Information Technology,0.96,4.34,AdvTech-2,3.65,0.88,Meets expectations,1.52,1.25,90.00%,2017,Sunil,-0.00057692307692307,1.5699999999999998,0.01251748251748252,1.7253030303030301,-0.0040559440559440624,0.9871969696969698
CIC012022-10946,94%,Need No Help,Meets expectations,4.4,1.46,1.45,B.E. / B.TECH IT,0.78,3.69,AdvTech-1,3.92,0.79,Improvement needed,1.64,1.49,100.00%,2021,Nagendra,0.02402097902097902,1.3046969696969701,0.022902097902097893,1.2986363636363634,0.009720279720279727,0.7168181818181817
CIC012022-10947,84%,Need Less Help,Meets expectations,3.6,1.44,1.43,B.E. / B.TECH Non IT,0.8,3.67,FullStack,4.11,0.94,Meets expectations,1.76,1.41,0.00%,2019,Ashish,-0.005000000000000007,1.4716666666666667,-0.00041958041958041996,1.4327272727272726,0.00458041958041959,0.7693939393939394
CIC012022-10953,84%,Need Less Help,Meets expectations,3.98,1.6,1.61,B.E. / B.TECH CS,0.78,4.0,FullStack,3.7575,0.81,Improvement needed,1.7,1.2475,0.00%,2019,Sunil,-0.0013286713286713165,1.6103030303030303,0.005034965034965043,1.577272727272727,-0.0038461538461538386,0.8066666666666665
CIC012022-10955,98%,Need More Help,Improvement needed,3.68,1.31,1.43,B.E. Mechanical Engineering,0.78,3.51,AdvTech-1,4.51,0.94,Exceeds expectations,1.76,1.81,70.00%,2021,Nagendra,0.010174825174825179,1.2363636363636366,0.000524475524475525,1.4207575757575757,0.006258741258741262,0.7384848484848485
CIC012022-10958,71%,Need Less Help,Improvement needed,3.98,1.57,1.6,Other IT,0.7,3.87,FullStack,4.19,0.91,Meets expectations,1.79,1.49,100.00%,2021,Gunjan,0.009930069930069946,1.4987878787878786,0.012517482517482527,1.5203030303030303,0.0,0.7000000000000001
CIC012022-10972,82%,Need Less Help,Meets expectations,4.28,1.56,1.77,B.E. / B.TECH CS,0.99,4.32,FullStack,4.1225,0.94,Meets expectations,1.475,1.7075,100.00%,2020,Nagendra,0.0029370629370629475,1.5409090909090906,0.008601398601398604,1.7140909090909089,0.00104895104895105,0.9831818181818183
CIC012022-10978,65%,Need More Help,Unsatisfactory,2.73,1.1,1.27,B.E. / B.TECH CS,0.66,3.03,BasicTech,3.164,0.49375,Meets expectations,1.37,1.3,70.00%,2021,Sunil,-0.009274475524475531,1.232159090909091,-0.002482517482517489,1.19530303030303,-0.0015034965034965062,0.6289393939393939
CIC012022-10980,87%,Need Less Help,Meets expectations,3.86,1.53,1.56,B.E. / B.TECH Non IT,0.78,3.87,AdvTech-2,4.045,0.85,Exceeds expectations,1.63,1.565,0.00%,2020,Sunil,0.003881118881118885,1.5072727272727273,0.013426573426573432,1.4727272727272724,-0.002517482517482511,0.7963636363636363
CIC012022-10982,86%,Need More Help,Improvement needed,3.02,1.17,1.39,B.E. / B.TECH IT,0.96,3.51,FullStack,3.0175,0.655,Improvement needed,1.19,1.1725,66.67%,2021,Nagendra,-0.005489510489510498,1.2365151515151513,-0.003951048951048962,1.4265151515151515,-0.002587412587412582,0.7984848484848484
CIC012022-10993,77%,Need Less Help,Meets expectations,3.73,1.36,1.46,B.E. / B.TECH Non IT,0.79,3.61,AdvTech-2,3.605,0.88,Meets expectations,1.415,1.31,75.00%,2017,Sunil,-0.019580419580419596,1.2872727272727276,-0.005323426573426551,1.3731439393939393,-0.004020979020979026,0.8686363636363635
CIC022021-8162,96%,Need No Help,Meets expectations,4.03,1.58,1.57,B.E. / B.TECH CS,0.76,3.91,FullStack,4.04,0.7,Meets expectations,1.58,1.76,100.00%,2019,Gunjan,0.004160839160839168,1.5521212121212118,-0.0020279720279720212,1.5815151515151515,-0.003994755244755244,0.7861742424242424
CIC022021-8164,92%,Need Less Help,Meets expectations,4.19,1.67,1.62,B.E. / B.TECH CS,0.8,4.09,FullStack,4.6,1.0,Meets expectations,1.81,1.79,100.00%,2020,Gunjan,0.004195804195804191,1.6427272727272726,0.0004895104895105024,1.6151515151515157,-0.00218531468531468,0.8162878787878789
CIC022021-8165,96%,Need Less Help,Improvement needed,3.68,1.27,1.53,B.E. / B.TECH CS,0.81,3.61,AdvTech-2,4.73,1.0,Meets expectations,1.94,1.79,100.00%,2016,Dilip,0.00041958041958041297,1.6372727272727272,-0.0004195804195804114,1.5827272727272728,3.493708818750493e-18,0.75
CIC022021-8191,58%,Need Less Help,Meets expectations,3.67,1.4,1.39,B.E. / B.TECH CS,0.88,3.67,StdTech,2.03,0.63,Improvement needed,0.7,0.7,82.35%,2018,Sunil,0.0,1.4000000000000001,0.0,1.39,0.0,0.8800000000000002
CIC022021-8192,76%,Need More Help,Improvement needed,0.0,1.24,1.3,B.E. / B.TECH Non IT,0.74,3.28,StdTech,2.3975,0.7,Improvement needed,0.77,0.9275,100.00%,2018,Gunjan,-0.009090909090909092,1.3007575757575758,-0.0026573426573426443,1.318939393939394,0.006293706293706296,0.6957575757575758
CIC022021-8194,88%,Need More Help,Improvement needed,3.14,1.2,1.29,B.E. / B.TECH CS,0.66,3.15,BasicTech,3.5,0.7,Meets expectations,1.4,1.4,100.00%,2018,Dilip,0.011590909090909082,1.067575757575758,0.00020979020979021386,1.2869696969696967,-0.010288461538461545,0.7549999999999999
CIC022021-8195,83%,Need More Help,Improvement needed,2.03,0.7,0.74,B.E. / B.TECH Non IT,0.43,1.88,BasicTech,3.635,0.7,Meets expectations,1.4,1.535,100.00%,2019,Ashish,0.0,0.7000000000000001,0.001223776223776226,0.7328787878787879,-0.0014685314685314677,0.44121212121212117
CIC022021-8203,100%,Need More Help,Improvement needed,3.4,1.16,1.64,B.E. / B.TECH Non IT,0.67,3.47,AdvTech-1,2.5375,0.7,Improvement needed,0.91,0.9275,100.00%,2019,Ashish,0.0050349650349650246,1.1272727272727274,-0.003531468531468546,1.6621212121212123,-0.007797202797202792,0.7215151515151516
CIC022021-8205,92%,Need Less Help,Improvement needed,3.67,1.24,1.54,B.E. / B.TECH CS,0.85,3.62,FullStack,3.575,0.7,Meets expectations,1.4,1.475,100.00%,2018,Dilip,0.004256993006993007,1.211287878787879,0.004300699300699306,1.5012121212121212,-0.00010489510489510499,0.8431818181818181
CIC022021-8209,83%,Need No Help,Meets expectations,0.0,1.51,1.75,B.E. / B.TECH Non IT,0.91,4.16,FullStack,4.6,0.78,Exceeds expectations,1.88,1.94,94.12%,2020,Ashish,0.006258741258741262,1.4684848484848487,0.004685314685314692,1.7112121212121207,0.003356643356643364,0.8881818181818182
CIC022021-8212,94%,Need Less Help,Improvement needed,4.16,1.39,1.62,B.E. / B.TECH CS,0.9,3.91,FullStack,4.22,0.82,Meets expectations,1.79,1.61,100.00%,2019,Dilip,0.007893356643356634,1.3368181818181821,0.006433566433566452,1.579848484848485,0.0014510489510489524,0.8934848484848485
CIC022021-8223,96%,Need More Help,Improvement needed,3.35,1.28,1.44,B.E. / B.TECH CS,0.69,3.41,AdvTech-1,3.14125,0.7,Improvement needed,1.365,1.07625,92.86%,2019,Dilip,0.006258741258741267,1.232651515151515,-0.008146853146853154,1.4937878787878787,-0.013173076923076925,0.7749999999999999
CIC022021-8227,100%,Need Less Help,Improvement needed,3.01,1.1,1.25,B.E. / B.TECH CS,0.72,3.07,StdTech,3.44,0.56,Meets expectations,1.25,1.63,88.24%,2018,Gunjan,-0.0036013986013985998,1.1225757575757578,-0.0010489510489510537,1.2584848484848485,0.0009790209790209823,0.7153030303030303
CIC022021-8231,91%,Need No Help,Improvement needed,4.02,1.49,1.6,B.E. / B.TECH CS,0.77,3.86,FullStack,3.535,0.665,Meets expectations,1.115,1.755,94.12%,2020,Ashish,0.008129370629370629,1.4359090909090908,0.007762237762237776,1.5495454545454543,-0.0032517482517482464,0.7936363636363636
CIC022021-8237,96%,Need Less Help,Meets expectations,3.85,1.51,1.53,B.E. / B.TECH CS,0.76,3.81,StdTech,3.8,0.7,Meets expectations,1.55,1.55,100.00%,2020,Dilip,0.009344405594405596,1.42780303030303,0.00027972027972028,1.5281818181818183,0.0,0.7599999999999999
CIC022021-8239,89%,Need More Help,Improvement needed,3.37,1.12,1.3,M.E. / M.Tech Non IT,0.61,3.04,BasicTech,3.08,0.665,Improvement needed,1.26,1.155,88.89%,2017,Ashish,0.008409090909090913,1.0657575757575761,0.026608391608391603,1.1278787878787881,-0.00031468531468531165,0.6145454545454546
CIC022021-8252,83%,Need Less Help,Improvement needed,3.61,1.31,1.47,MCA,0.74,3.52,StdTech,3.255,0.665,Improvement needed,1.26,1.33,94.44%,2019,Ashish,0.011459790209790212,1.2365530303030305,0.000524475524475525,1.464090909090909,0.0016783216783216833,0.7290909090909091
CIC022021-8253,79%,Need No Help,Meets expectations,0.0,1.4,1.82,B.E. / B.TECH CS,0.88,4.1,FullStack,2.2925,0.455,Improvement needed,0.945,0.8925,100.00%,2020,Ashish,0.00017482517482516957,1.3996969696969694,-0.0025174825174825097,1.8363636363636364,-0.003356643356643356,0.9018181818181821
CIC022021-8257,96%,Need Less Help,Improvement needed,3.78,1.23,1.65,B.E. / B.TECH Non IT,0.86,3.74,AdvTech-1,3.84,0.79,Improvement needed,1.64,1.41,100.00%,2020,Ashish,0.0011188811188811128,1.2227272727272729,-0.004020979020979034,1.6769696969696968,-0.0016083916083916067,0.8687878787878788
CIC022021-8259,91%,Need No Help,Meets expectations,4.19,1.45,1.65,B.E. / B.TECH CS,0.84,3.94,FullStack,4.52,0.88,Exceeds expectations,1.76,1.88,92.86%,2018,Ashish,-8.856861538460906e-05,1.3207675946666666,0.00017412546153845634,1.458490912666667,0.0001342356846153854,0.7688366240666665
CIC022021-8260,90%,Need Less Help,Improvement needed,3.49,1.52,1.54,B.E. / B.TECH CS,0.79,3.85,FullStack,2.12625,0.385,Improvement needed,0.91,0.83125,92.86%,2020,Gunjan,-0.013986013986013984,1.6075757575757574,0.0009090909090909145,1.5240909090909094,0.0047552447552447604,0.7524242424242422
CIC022021-8262,98%,Need Less Help,Meets expectations,4.09,1.41,1.66,B.E. / B.TECH Non IT,0.99,4.06,AdvTech-2,4.2125,0.79,Meets expectations,1.82,1.6025,100.00%,2020,Ashish,0.002307692307692301,1.395,-0.0013286713286713298,1.67030303030303,0.0010839160839160849,0.9821212121212122
CIC022021-8264,96%,Need No Help,Improvement needed,4.09,1.46,1.54,B.E. / B.TECH IT,0.87,3.87,AdvTech-1,2.54625,0.56,Improvement needed,1.085,0.90125,100.00%,2017,Ashish,0.017080419580419576,1.3493939393939396,0.012027972027972029,1.460151515151515,0.0032517482517482547,0.8463636363636362
CIC022021-8266,77%,Need Less Help,Improvement needed,3.84,1.19,1.52,B.E. / B.TECH IT,0.78,3.49,StdTech,3.8825,0.82,Improvement needed,1.49,1.5725,85.71%,2020,Sunil,0.011853146853146852,1.1121212121212116,0.020638111888111894,1.3848106060606058,0.00898601398601399,0.7224242424242423
CIC022021-8275,79%,Need Less Help,Improvement needed,3.27,1.37,1.4,B.E. / B.TECH Non IT,0.86,3.63,FullStack,3.75,1.0,Improvement needed,1.49,1.26,100.00%,2020,Gunjan,0.006083916083916081,1.322121212121212,-0.006013986013986018,1.4407575757575757,-0.0020279720279720256,0.8765151515151515
CIC022021-8449,83%,Need Less Help,Meets expectations,4.28,1.59,1.7,B.E. / B.TECH Non IT,0.91,4.2,AdvTech-2,2.24,0.49,Improvement needed,0.875,0.875,94.12%,2019,Dilip,-0.001923076923076917,1.600833333333333,-0.0012587412587412652,1.7081818181818182,0.004143356643356648,0.8843181818181818
CIC022022-10996,57%,Need More Help,Improvement needed,3.49,1.42,1.41,Mechatronics Engineering,0.76,3.59,AdvTech-2,4.815,1.0,Exceeds expectations,1.905,1.91,100.00%,2018,Ashish,-0.00020220497902097414,1.3004645643636368,0.0008384611258741213,1.4733393975151514,0.000798571348951053,0.7836851089151515
CIC022022-10997,98%,Need Less Help,Improvement needed,3.48,1.36,1.42,B.E. / B.TECH Non IT,0.8,3.59,FullStack,4.195,0.97,Meets expectations,1.57,1.655,100.00%,2020,Nagendra,0.001398601398601399,1.352575757575758,0.002132867132867137,1.4086363636363637,0.005734265734265736,0.7660606060606061
CIC022022-11004,89%,Need Less Help,Improvement needed,0.0,1.39,1.52,B.E. / B.TECH Non IT,0.87,3.78,FullStack,3.55,0.825,Meets expectations,1.345,1.38,90.00%,2021,Sunil,0.014020979020979008,1.2996969696969698,0.0008741258741258749,1.5134848484848482,-0.0018181818181818201,0.8751515151515151
CIC022022-11005,100%,Need No Help,Exceeds expectations,3.43,1.48,1.28,PG Non IT,0.73,3.48,AdvTech-1,3.87,0.815,Meets expectations,1.71,1.345,90.91%,2020,Ashish,0.00010489510489509722,1.4768181818181818,-0.006958041958041956,1.3243939393939392,0.00020979020979020998,0.7286363636363637
CIC022022-11006,56%,Need Less Help,Improvement needed,3.67,1.33,1.43,B.E. / B.TECH IT,0.82,3.58,FullStack,4.165,0.97,Meets expectations,1.54,1.655,75.00%,2020,Nagendra,0.005680662153846163,1.2924342613333333,0.0029713282587412564,1.4186424278181815,0.0009384314888111985,0.806109351339394
CIC022022-11011,95%,Need Less Help,Meets expectations,3.97,1.6,1.59,B.E. / B.TECH Non IT,0.77,3.96,AdvTech-2,4.115,0.97,Meets expectations,1.535,1.61,100.00%,2018,Sunil,-8.856861538460906e-05,1.3207675946666666,0.00017412546153845634,1.458490912666667,0.0001342356846153854,0.7688366240666665
CIC022022-11034,100%,Need No Help,Meets expectations,4.35,1.64,1.73,B.E. / B.TECH Non IT,0.97,4.35,AdvTech-2,4.78,1.0,Exceptional,1.87,1.91,100.00%,2020,Nagendra,0.0026573426573426465,1.6227272727272732,0.00437062937062937,1.7024242424242424,0.002202797202797205,0.9581818181818184
CIC022022-11037,65%,Need Less Help,Meets expectations,4.12,1.38,1.47,B.E. / B.TECH Non IT,0.76,3.6,AdvTech-2,3.05,0.56,Improvement needed,1.51,0.98,100.00%,2019,Ashish,0.002342657342657343,1.4031060606060606,-0.003496503496503512,1.1527272727272726,-0.0020979020979020953,0.7336363636363635
CIC022022-11039,98%,Need Less Help,Improvement needed,3.8,1.56,1.53,B.E. / B.TECH Non IT,0.7,3.79,FullStack,4.125,0.88,Meets expectations,1.7,1.545,100.00%,2016,Nagendra,0.015524475524475532,1.4590909090909088,0.013741258741258746,1.438181818181818,0.0,0.7000000000000001
CIC022022-11040,96%,Need Less Help,Meets expectations,3.9,1.47,1.53,B.E. / B.TECH Non IT,0.9,3.9,AdvTech-1,4.3675,0.94,Meets expectations,1.72,1.7075,100.00%,2021,Nagendra,0.0034615384615384647,1.4466666666666665,0.005839160839160846,1.492878787878788,0.007272727272727279,0.8493939393939395
CIC022022-11041,96%,Need Less Help,Meets expectations,4.46,1.62,1.79,B.E. / B.TECH Non IT,0.99,4.4,AdvTech-1,4.375,1.0,Meets expectations,1.69,1.685,100.00%,2020,Nagendra,0.0033566433566433766,1.5981818181818184,0.007762237762237762,1.7395454545454543,0.00104895104895105,0.9831818181818183
CIC022022-11043,96%,Need No Help,Meets expectations,4.31,1.69,1.67,B.E. / B.TECH CS,0.96,4.31,AdvTech-2,4.77,1.0,Exceptional,1.77,2.0,100.00%,2020,Nagendra,0.0033041958041957957,1.6672727272727272,0.0032167832167832072,1.6424242424242423,0.00017482517482517266,0.9563636363636365
CIC022022-11052,98%,Need More Help,Improvement needed,3.52,1.14,1.46,MSc CS/IT,0.93,3.53,AdvTech-1,3.915,0.88,Meets expectations,1.7,1.335,0.00%,2020,Sunil,-0.008636363636363638,1.26030303030303,-0.008146853146853147,1.4521212121212121,0.0019580419580419593,0.9206060606060604
CIC022022-11060,97%,Need Less Help,Meets expectations,3.92,1.26,1.42,B.E. / B.TECH Non IT,0.89,3.56,AdvTech-1,3.74,0.7,Improvement needed,1.64,1.4,100.00%,2018,Nagendra,0.011250000000000008,1.1858333333333333,-0.011223776223776228,1.4921212121212122,6.993006993007425e-05,0.8862121212121212
CIC022022-11069,86%,Need More Help,Improvement needed,3.66,1.48,1.35,B.E. / B.TECH Non IT,0.7,3.53,FullStack,3.945,0.76,Improvement needed,1.73,1.455,100.00%,2019,Nagendra,0.01458041958041958,1.3827272727272728,0.019545454545454557,1.2104545454545454,0.0,0.7000000000000001
CIC022022-11073,98%,Need Less Help,Meets expectations,3.79,1.33,1.46,B.E. Mechanical Engineering,0.82,3.61,AdvTech-2,4.72,1.0,Exceeds expectations,1.81,1.91,100.00%,2021,Sunil,0.014003496503496506,1.2314772727272727,0.01674825174825174,1.3436363636363633,0.004580419580419587,0.7827272727272728
CIC022022-11076,75%,Need Less Help,Improvement needed,3.22,1.35,1.4,B.E. / B.TECH Non IT,0.84,3.59,AdvTech-1,4.4425,0.97,Meets expectations,1.72,1.7525,100.00%,2021,Nagendra,-0.0033741258741258637,1.3715151515151514,6.993006993006223e-05,1.397878787878788,-0.010139860139860138,0.9075757575757576
CIC022022-11077,91%,Need More Help,Improvement needed,3.7,1.24,1.49,B.E. / B.TECH Non IT,0.72,3.45,FullStack,4.17,0.94,Meets expectations,1.76,1.47,0.00%,2018,Ashish,-0.0015909090909090918,1.2503409090909092,0.012867132867132867,1.4063636363636363,0.0027272727272727297,0.7006060606060606
CIC022022-11082,77%,Need More Help,Improvement needed,3.57,1.27,1.5,MSc CS/IT,0.81,3.57,FullStack,4.17,1.0,Meets expectations,1.73,1.44,54.55%,2020,Ashish,0.00018356643356643975,1.2690151515151513,0.0013286713286713298,1.4896969696969697,0.0010839160839160916,0.8021212121212123
CIC022022-11083,76%,Need Less Help,Improvement needed,3.72,1.67,1.25,B.E. / B.TECH Non IT,0.75,3.67,FullStack,3.36,0.62,Meets expectations,1.24,1.5,90.00%,2019,Nagendra,0.021923076923076913,1.5300000000000002,0.017447552447552438,1.1340909090909093,0.009440559440559446,0.6886363636363636
CIC022022-11085,61%,Need More Help,Meets expectations,4.21,1.51,1.67,B.E. / B.TECH CS,0.94,4.11,FullStack,3.12,0.785,Improvement needed,1.355,0.98,100.00%,2021,Nagendra,-0.00010489510489511198,1.399848484848485,-0.00041958041958041996,1.5227272727272725,-0.0006293706293706292,0.854090909090909
CIC022022-11106,80%,Need Less Help,Meets expectations,4.22,1.57,1.6,BSc IT,0.78,3.96,AdvTech-1,3.33,0.62,Meets expectations,1.305,1.405,100.00%,2019,Sunil,0.010209790209790216,1.5036363636363637,0.009055944055944065,1.543636363636364,0.00454545454545455,0.7521212121212121
CIC022022-11157,82%,Need More Help,Improvement needed,2.94,1.2,1.41,B.E. / B.TECH CS,0.65,3.26,BasicTech,4.46,0.82,Meets expectations,1.82,1.82,66.67%,2021,Ashish,-0.0015734265734265696,1.091060606060606,-0.001993006993006994,1.2937878787878785,-0.0009090909090909127,0.6959090909090908
CIC022022-11159,91%,Need More Help,Improvement needed,2.51,1.35,1.37,Computer Science,0.78,3.5,AdvTech-1,4.28,0.97,Meets expectations,1.625,1.685,100.00%,2017,Sunil,0.020900349650349658,1.1843560606060606,0.022797202797202803,1.210151515151515,0.004300699300699304,0.7445454545454544
CIC022022-11173,80%,Need More Help,Improvement needed,3.29,1.46,1.39,B.E. / B.TECH CS,0.73,3.58,AdvTech-2,3.31,0.62,Exceeds expectations,1.38,1.31,0.00%,2019,Ashish,0.010839160839160833,1.3512121212121213,0.007762237762237783,1.3095454545454541,0.0032167832167832155,0.6974242424242424
CIC022022-11177,80%,Need Less Help,Meets expectations,0.0,1.51,1.67,B.E. / B.TECH IT,0.93,4.11,FullStack,3.47,0.62,Meets expectations,1.345,1.505,90.00%,2021,Sunil,0.006153846153846159,1.4633333333333332,0.002132867132867135,1.6553030303030303,0.001188811188811198,0.9239393939393937
CIC022022-11179,82%,Need Less Help,Meets expectations,4.22,1.65,1.66,B.E. / B.TECH Non IT,0.81,4.11,FullStack,3.77,0.85,Meets expectations,1.51,1.41,100.00%,2019,Sunil,0.005524475524475515,1.6124242424242423,0.008111888111888104,1.6039393939393938,0.001958041958041964,0.7906060606060605
CIC022022-11180,97%,Need Less Help,Improvement needed,3.72,1.26,1.48,B.E. / B.TECH Non IT,0.8,3.53,FullStack,3.065,0.755,Improvement needed,1.12,1.19,100.00%,2020,Nagendra,0.030664335664335653,1.0465151515151518,0.020699300699300704,1.333787878787879,0.002272727272727273,0.7860606060606061
CIC022022-11183,88%,Need More Help,Improvement needed,2.22,0.82,0.9,B.E. / B.TECH IT,0.64,2.35,BasicTech,2.885,0.82,Improvement needed,1.05,1.015,100.00%,2021,Nagendra,0.0,1.1899999999999997,0.0,1.26,0.0,0.82
CIC022022-11187,89%,Need Less Help,Meets expectations,3.98,1.53,1.56,PG CS/IT,0.76,3.85,FullStack,3.9875,0.85,Meets expectations,1.64,1.4975,100.00%,2019,Sunil,0.002167832167832169,1.5142424242424242,0.004685314685314688,1.5278787878787878,0.0025174825174825214,0.7436363636363635
CIC022022-11209,100%,Need Less Help,Improvement needed,3.54,1.3,1.47,B.E. / B.TECH CS,0.81,3.58,AdvTech-1,2.99875,0.82,Improvement needed,1.12,1.05875,100.00%,2020,Nagendra,0.023181818181818175,1.1451515151515153,0.0036713286713286747,1.44530303030303,0.00562937062937063,0.775909090909091
CIC022022-11211,87%,Need Less Help,Meets expectations,3.64,1.43,1.42,B.E. / B.TECH Non IT,0.8,3.65,AdvTech-2,3.8575,0.79,Improvement needed,1.52,1.5475,100.00%,2019,Ashish,-0.0006643356643356672,1.241818181818182,-0.005664335664335669,1.2984848484848486,-0.0060139860139860205,0.650757575757576
CIC022022-11234,78%,Need Less Help,Improvement needed,4.07,1.45,1.42,B.E. / B.TECH IT,0.63,3.5,FullStack,3.825,0.79,Meets expectations,1.58,1.455,100.00%,2020,Gunjan,0.021013986013986,1.314242424242424,0.034073426573426574,1.196439393939394,0.008688811188811188,0.5764393939393939
CIC022022-11240,63%,Need More Help,Meets expectations,4.21,1.56,1.74,B.E. / B.TECH CS,0.82,4.11,FullStack,3.02625,0.76,Improvement needed,1.12,1.14625,100.00%,2021,Nagendra,-0.0019230769230769247,1.0733333333333337,-0.002307692307692301,1.3066666666666662,-0.0011188811188811226,0.6989393939393937
CIC022022-11260,100%,Need Less Help,Improvement needed,4.04,1.46,1.57,B.E. / B.TECH Non IT,0.85,3.88,FullStack,3.705,0.79,Meets expectations,1.5,1.415,100.00%,2020,Gunjan,0.010874125874125874,1.3884848484848487,0.012517482517482519,1.491969696969697,-0.0014685314685314698,0.8595454545454545
CIC022022-11261,98%,Need Less Help,Improvement needed,3.92,1.4,1.57,B.E. / B.TECH Non IT,0.83,3.81,FullStack,4.125,0.88,Meets expectations,1.64,1.605,100.00%,2021,Gunjan,0.007412587412587409,1.3551515151515152,0.004125874125874126,1.5465151515151516,0.00027972027972028,0.8298484848484848
CIC022022-11267,100%,Need Less Help,Improvement needed,4.04,1.4,1.63,B.E. / B.TECH Non IT,0.83,3.86,FullStack,3.71,0.79,Meets expectations,1.535,1.385,100.00%,2021,Gunjan,0.010174825174825172,1.3296969696969696,0.005804195804195794,1.5956060606060605,0.0021678321678321698,0.8125757575757575
CIC022022-11268,93%,Need Less Help,Meets expectations,3.86,1.52,1.54,B.E. / B.TECH Non IT,0.76,3.82,FullStack,4.17,0.94,Exceeds expectations,1.635,1.595,50.00%,2019,Nagendra,0.0016783216783216798,1.5090909090909088,0.000839160839160853,1.5378787878787874,0.004545454545454548,0.7287878787878788
CIC022022-11277,100%,Need Less Help,Meets expectations,3.74,1.43,1.46,B.E. / B.TECH IT,0.88,3.77,FullStack,3.75,0.73,Meets expectations,1.61,1.41,100.00%,2018,Ashish,-0.00010489510489510499,1.4231818181818183,0.00041958041958041996,1.4572727272727275,0.0,0.8800000000000002
CIC022022-11284,74%,Need Less Help,Meets expectations,4.52,1.66,1.79,B.E. / B.TECH CS,0.91,4.36,DeepTech,3.29625,0.82,Improvement needed,1.225,1.25125,100.00%,2020,Nagendra,0.008531468531468524,1.601212121212121,0.01174825174825175,1.7136363636363634,0.0050349650349650445,0.8772727272727272
CIC022022-11292,89%,Need Less Help,Meets expectations,4.1,1.48,1.46,B.E. / B.TECH Non IT,0.93,3.87,AdvTech-1,3.86,0.7,Meets expectations,1.64,1.52,100.00%,2018,Ashish,0.0020979020979021,1.4663636363636365,0.0020979020979021,1.4463636363636365,0.004405594405594413,0.9013636363636364
CIC022022-11304,87%,Need Less Help,Meets expectations,3.5,1.4,1.4,B.E. / B.TECH Non IT,0.7,3.5,FullStack,3.92,0.76,Improvement needed,1.76,1.4,100.00%,2021,Ashish,-0.0044055944055943815,1.3986363636363637,-0.006363636363636366,1.3013636363636363,0.001468531468531466,0.5904545454545453
CIC022022-11312,97%,Need Less Help,Improvement needed,3.36,1.35,1.38,B.E. / B.TECH Non IT,0.74,3.47,AdvTech-1,4.04,0.88,Improvement needed,1.46,1.7,100.00%,2020,Ashish,0.00447552447552449,1.3225757575757573,-0.007097902097902109,1.42530303030303,-0.0041958041958041915,0.7672727272727273
CIC022022-11318,51%,Need More Help,Improvement needed,0.0,1.35,1.44,B.E. / B.TECH IT,0.8,3.59,StdTech,3.84125,1.0,Improvement needed,1.76,1.08125,100.00%,2022,Ashish,-0.0012937062937062793,1.3592424242424241,0.0006643356643356649,1.4348484848484848,0.0008391608391608425,0.7945454545454547
CIC022022-11323,100%,Need More Help,Improvement needed,3.74,1.31,1.41,MCA,0.75,3.47,FullStack,4.0325,0.865,Meets expectations,1.775,1.3925,100.00%,2022,Ashish,-0.0006643356643356625,1.3051515151515154,-0.004615384615384621,1.4400000000000002,0.001468531468531466,0.7321212121212122
CIC022022-11326,90%,Need Less Help,Improvement needed,3.43,1.41,1.45,B.E. / B.TECH CS,0.75,3.61,FullStack,4.1275,0.82,Improvement needed,1.7,1.6075,100.00%,2021,Ashish,-0.005559440559440567,1.4386363636363637,-0.0052447552447552415,1.4840909090909087,-0.0052447552447552415,0.7840909090909091
CIC022022-11327,98%,Need More Help,Improvement needed,3.61,1.37,1.41,MCA,0.74,3.51,FullStack,3.885,0.815,Meets expectations,1.595,1.475,100.00%,2022,Ashish,0.004090909090909104,1.3425757575757578,-0.001608391608391619,1.4187878787878787,-0.0035314685314685283,0.7621212121212122
CIC022022-11328,91%,Need Less Help,Improvement needed,3.67,1.49,1.59,B.E. / B.TECH Non IT,0.84,3.91,AdvTech-2,3.92,0.88,Meets expectations,1.58,1.46,0.00%,2015,Gunjan,0.00581293706293708,1.062840909090909,-0.0003146853146853111,1.5312121212121212,-0.0011888111888111775,0.926060606060606
CIC022022-11329,63%,Need More Help,Improvement needed,3.48,1.2,1.51,MCA,0.67,3.38,AdvTech-2,3.92,0.88,Meets expectations,1.695,1.345,100.00%,2022,Ashish,-3.496503496504509e-05,1.1793939393939392,-0.008706293706293698,1.419090909090909,-0.002517482517482513,0.6763636363636364
CIC022022-11330,85%,Need More Help,Improvement needed,3.33,1.31,1.33,BCA CS,0.7,3.34,BasicTech,3.8,0.76,Improvement needed,1.52,1.52,33.33%,2020,Ashish,-0.0014597902097902033,1.3201136363636365,0.0009790209790209853,1.3236363636363637,0.0,0.7000000000000001
CIC032021-8278,94%,Need Less Help,Improvement needed,3.49,1.49,1.51,B.E. / B.TECH CS,0.76,3.76,FullStack,3.97,1.0,Improvement needed,1.64,1.33,90.91%,2020,Gunjan,-0.019790209790209786,1.6186363636363632,-0.0035314685314685305,1.5354545454545458,0.00041958041958042115,0.7572727272727272
CIC032021-8286,64%,Need Less Help,Improvement needed,3.7,1.25,1.72,MCA IT,0.85,3.82,AdvTech-1,4.085,0.7,Meets expectations,1.58,1.805,93.33%,2020,Sunil,0.0004895104895104934,0.7668181818181817,0.0009790209790209786,0.9036363636363637,0.00031468531468531496,0.5571212121212124
CIC032021-8288,79%,Need Less Help,Meets expectations,3.73,1.46,1.58,MCA IT,0.92,3.95,FullStack,3.99,0.75,Meets expectations,1.51,1.73,86.67%,2021,Sunil,-0.0014685314685314716,0.8495454545454545,0.0017132867132867138,1.0388636363636365,-0.0004895104895104878,0.5131818181818181
CIC032021-8295,77%,Need More Help,Improvement needed,2.5,0.94,1.14,B.E. / B.TECH Non IT,0.67,2.75,BasicTech,1.75,0.35,Unsatisfactory,0.7,0.7,80.00%,2020,Sunil,-0.01552447552447553,1.049242424242424,-0.017963286713286716,1.2590530303030303,0.018216783216783224,0.5490909090909091
CIC032021-8299,91%,Need Less Help,Improvement needed,3.92,1.32,1.42,MCA,0.79,3.53,AdvTech-2,3.75625,0.79,Improvement needed,1.58,1.38625,92.31%,2020,Sunil,0.03395104895104895,1.1018181818181818,0.043566433565384616,1.1373737373833332,0.024003496503496508,0.6335606060606058
CIC032021-8308,100%,Need Less Help,Meets expectations,4.4,1.58,1.66,B.E. / B.TECH Non IT,0.85,4.08,FullStack,3.94,1.0,Improvement needed,1.61,1.33,100.00%,2019,Sunil,0.03339160839160839,1.3621212121212123,0.02326923076923076,1.5083333333333333,0.010769230769230767,0.7766666666666667
CIC032021-8309,71%,Need More Help,Improvement needed,0.0,1.36,1.53,B.E. / B.TECH Non IT,0.73,3.62,StdTech,3.73,1.0,Improvement needed,1.4,1.33,100.00%,2019,Dilip,0.0006031468531468667,1.3562878787878787,-0.00034965034965035,1.5322727272727272,-0.0004195804195804165,0.7327272727272728
CIC032021-8310,69%,Need Less Help,Meets expectations,0.0,1.48,1.57,B.E. / B.TECH Non IT,0.77,3.83,StdTech,3.97,1.0,Improvement needed,1.58,1.39,91.67%,2019,Dilip,0.0019230769230769247,1.4683333333333333,0.000524475524475532,1.5674242424242426,-0.0006643356643356614,0.7751515151515149
CIC032021-8312,66%,Need Less Help,Meets expectations,3.76,1.43,1.56,B.E. / B.TECH Non IT,0.83,3.81,DeepTech,3.91,1.0,Improvement needed,1.55,1.36,100.00%,2016,Gunjan,-0.00010489510489511041,1.4315151515151516,-0.00118881118881119,1.5660606060606062,6.993006993006456e-05,0.8278787878787879
CIC032021-8315,100%,Need No Help,Meets expectations,4.28,1.54,1.65,B.E. / B.TECH Non IT,0.84,4.03,DeepTech,4.2,0.7,Meets expectations,1.8,1.7,100.00%,2015,Sunil,0.036538461538461534,1.3033333333333332,0.03168706293706293,1.446742424242424,0.02202797202797203,0.6934848484848484
CIC032021-8320,57%,Need Less Help,Meets expectations,0.0,1.5,1.58,B.E. / B.TECH Non IT,0.76,3.83,AdvTech-1,4.22,0.7,Meets expectations,1.88,1.64,84.62%,2020,Dilip,-0.00038461538461538494,1.5016666666666667,0.001223776223776232,1.5712121212121213,0.0,0.7599999999999999
CIC032021-8322,77%,Need Less Help,Meets expectations,4.2,1.35,1.7,B.E. / B.TECH CS,0.85,3.9,FullStack,3.36,0.7,Improvement needed,1.33,1.33,92.31%,2020,Sunil,0.0,1.58,0.0,1.5199999999999998,0.00019230769230769247,0.7783333333333334
CIC032021-8327,72%,Need Less Help,Improvement needed,3.87,1.18,1.68,B.E. / B.TECH IT,0.86,3.72,FullStack,3.29,0.7,Improvement needed,1.26,1.33,92.31%,2020,Sunil,0.0,1.64,0.0,1.58,0.00019230769230769247,0.7783333333333334
CIC032021-8331,66%,Need Less Help,Meets expectations,0.0,1.37,1.61,B.E. / B.TECH CS,0.87,3.85,FullStack,3.76,0.69,Exceeds expectations,1.58,1.49,92.31%,2019,Dilip,0.0010576923076923293,1.3641666666666667,-0.0031118881118880936,1.6293939393939392,-0.00104895104895105,0.8768181818181816
CIC032021-8335,75%,Need Less Help,Meets expectations,3.74,1.47,1.63,B.E. / B.TECH Non IT,0.81,3.9,FullStack,4.27,0.88,Exceeds expectations,1.7,1.69,100.00%,2019,Gunjan,-0.0030944055944055904,1.4821969696969697,-0.0014335664335664458,1.6384848484848484,-0.00033216783216782425,0.8125757575757576
CIC032021-8338,73%,Need No Help,Meets expectations,0.0,1.6,1.7,B.E. / B.TECH Non IT,0.88,4.18,AdvTech-2,3.96,0.82,Exceeds expectations,1.58,1.56,92.31%,2017,Dilip,-0.001101398601398591,1.605909090909091,0.00041958041958041996,1.6972727272727273,0.0,0.8800000000000002
CIC032021-8341,70%,Need Less Help,Improvement needed,3.56,1.35,1.58,B.E. / B.TECH CS,0.8,3.73,StdTech,3.57,0.56,Exceeds expectations,1.32,1.69,100.00%,2020,Gunjan,-0.0001748251748251641,1.3519696969696966,-0.002937062937062926,1.5990909090909091,-0.0007692307692307606,0.8033333333333333
CIC032021-8343,63%,Need Less Help,Meets expectations,0.0,1.48,1.52,B.E. / B.TECH CS,0.77,3.76,DeepTech,3.71,0.63,Exceeds expectations,1.32,1.76,100.00%,2020,Ashish,0.00118881118881119,1.4706060606060607,0.0,1.5199999999999998,-0.00024475524475524497,0.7707575757575756
CIC032021-8345,75%,Need Less Help,Meets expectations,3.92,1.46,1.64,B.E. / B.TECH CS,0.84,3.93,FullStack,3.9,0.82,Exceeds expectations,1.26,1.82,100.00%,2020,Gunjan,0.0014860139860139855,1.448257575757576,0.00041958041958040906,1.6372727272727272,0.0008216783216783188,0.8325757575757575
CIC032021-8347,75%,Need Less Help,Meets expectations,3.79,1.57,1.48,B.E. / B.TECH Non IT,0.78,3.82,StdTech,3.0825,0.63,Improvement needed,1.39,1.0625,100.00%,2020,Gunjan,0.003636363636363644,1.5446969696969697,-0.002202797202797205,1.491818181818182,-0.005874125874125864,0.818181818181818
CIC032021-8349,67%,Need Less Help,Improvement needed,4.0,1.44,1.44,B.E. / B.TECH IT,0.72,3.61,AdvTech-1,3.165,0.7,Improvement needed,1.52,0.945,100.00%,2019,Gunjan,0.0038111888111888098,1.416060606060606,-0.003006993006993004,1.461212121212121,0.0007692307692307679,0.7158333333333333
CIC032021-8359,95%,Need Less Help,Improvement needed,3.71,1.43,1.52,B.E. / B.TECH Non IT,0.72,3.67,StdTech,3.5675,0.85,Improvement needed,1.58,1.1375,100.00%,2018,Gunjan,0.00244755244755245,1.4157575757575758,-0.002377622377622371,1.5337878787878787,-0.0012325174825174856,0.7265530303030302
CIC032021-8363,84%,Need Less Help,Meets expectations,3.8,1.5,1.58,B.E. / B.TECH CS,0.91,3.99,DeepTech,4.64,1.0,Meets expectations,1.82,1.82,100.00%,2021,Ashish,-0.00244755244755245,1.5142424242424242,-0.004615384615384598,1.6099999999999999,0.00024475524475525234,0.9092424242424242
CIC032021-8365,96%,Need Less Help,Meets expectations,4.03,1.49,1.63,B.E. / B.TECH Non IT,0.81,3.93,FullStack,3.57,0.91,Improvement needed,1.4,1.26,100.00%,2019,Dilip,0.005034965034965039,1.4572727272727273,0.00622377622377622,1.5878787878787874,0.0007692307692307789,0.8066666666666668
CIC032021-8366,66%,Need Less Help,Meets expectations,3.88,1.54,1.64,B.E. / B.TECH CS,0.84,4.02,DeepTech,4.73,1.0,Meets expectations,1.94,1.79,100.00%,2021,Gunjan,-0.0029195804195804157,1.5602272727272726,-0.0004195804195804308,1.6427272727272726,0.00024475524475523955,0.8375757575757576
CIC032021-8367,100%,Need Less Help,Meets expectations,4.1,1.56,1.65,MCA,0.82,4.02,FullStack,4.34,1.0,Meets expectations,1.82,1.52,100.00%,2019,Dilip,0.004580419580419584,1.5277272727272726,0.0067832167832167795,1.604242424242424,0.0,0.82
CIC032021-8376,84%,Need Less Help,Improvement needed,0.0,1.4,1.55,B.E. / B.TECH Non IT,0.76,3.71,FullStack,3.28125,0.7,Improvement needed,1.295,1.28625,93.75%,2019,Dilip,-0.0019143356643356636,1.0330681818181817,-0.0008041958041957963,1.3260606060606062,-0.0012937062937062936,0.6292424242424244
CIC032021-8383,91%,Need Less Help,Improvement needed,3.61,1.42,1.41,MCA,0.76,3.59,AdvTech-1,2.9925,0.7,Improvement needed,1.4,0.8925,100.00%,2019,Gunjan,0.002062937062937058,1.4074242424242425,-0.004545454545454554,1.4395454545454545,-0.0009440559440559406,0.7636363636363636
CIC032021-8386,76%,Need No Help,Meets expectations,0.0,1.54,1.64,B.E. / B.TECH CS,0.85,4.02,FullStack,4.5575,0.97,Meets expectations,2.0,1.5875,100.00%,2020,Ashish,-6.993006993007e-05,1.5387878787878786,-0.0012587412587412637,1.6481818181818182,-0.0005594405594405662,0.8453030303030303
CIC032021-8387,88%,Need Less Help,Improvement needed,0.0,1.4,1.45,MCA,0.78,3.64,AdvTech-1,2.825,0.7,Improvement needed,1.25,0.875,81.82%,2020,Dilip,0.0,1.51,0.0,1.64,0.0,0.8800000000000002
CIC032021-8393,77%,Need Less Help,Meets expectations,4.01,1.41,1.77,B.E. / B.TECH IT,0.95,4.13,FullStack,4.3625,0.94,Improvement needed,1.8725,1.55,100.00%,2019,Sunil,-0.0033741258741258836,1.4331818181818183,0.003111888111888115,1.7489393939393936,-0.0014685314685314724,0.9595454545454543
CIC032021-8402,77%,Need Less Help,Improvement needed,0.0,1.28,1.55,B.E. / B.TECH Non IT,0.8,3.63,FullStack,3.38,0.73,Improvement needed,1.67,0.98,100.00%,2020,Ashish,0.0012237762237762302,1.271212121212121,0.0,1.55,3.493708818750493e-18,0.8000000000000002
CIC032021-8417,93%,Need Less Help,Meets expectations,4.0,1.25,1.69,B.E. / B.TECH Non IT,0.9,3.72,FullStack,4.03,0.76,Exceeds expectations,1.45,1.82,92.31%,2020,Sunil,0.0,1.0500000000000003,0.0,1.25,0.0,0.7599999999999999
CIC032021-8418,95%,Need More Help,Improvement needed,3.35,0.88,1.15,B.E. / B.TECH Non IT,0.72,2.65,BasicTech,3.85,0.82,Exceeds expectations,1.51,1.52,100.00%,2018,Sunil,0.0,1.0500000000000003,0.00019230769230769675,1.0983333333333334,0.0,0.42
CIC032021-8495,58%,Need Less Help,Improvement needed,3.69,1.52,1.53,B.E. / B.TECH CS,0.79,3.83,FullStack,4.2275,0.79,Meets expectations,1.73,1.7075,100.00%,2020,Dilip,-0.005034965034965024,1.3027272727272725,-0.00933566433566433,1.341515151515151,-0.0020979020979021022,0.9536363636363635
CIC032021-8497,90%,Need Less Help,Improvement needed,3.52,1.25,1.43,B.E. / B.TECH IT,0.78,3.46,AdvTech-1,3.5,0.7,Improvement needed,1.4,1.4,84.62%,2018,Gunjan,0.0034965034965034935,1.2268560606060606,0.00321678321678322,1.4090909090909087,6.987417637500986e-18,0.7799999999999999
CIC032021-8593,100%,Need Less Help,Improvement needed,0.0,1.4,1.38,B.E. / B.TECH IT,0.79,3.57,FullStack,3.14,0.76,Improvement needed,1.4,0.98,100.00%,2018,Dilip,0.003792550265734282,1.3430403219393943,-0.0020636367762237894,1.424703033878788,0.00163773218811189,0.7698972301272727
CIC032022-11333,99%,Need No Help,Meets expectations,4.27,1.5,1.8,B.E. / B.TECH CS,0.94,4.24,AdvTech-2,4.155,1.0,Meets expectations,1.82,1.335,100.00%,2016,Sunil,-0.024729020979020976,1.66719696969697,0.011643356643356651,1.7218181818181821,0.0031993006993006902,0.9179545454545454
CIC032022-11334,96%,Need No Help,Meets expectations,4.33,1.58,1.82,B.E. / B.TECH Non IT,0.96,4.37,FullStack,4.035,1.0,Meets expectations,1.7,1.335,100.00%,2018,Sunil,0.001625874125874129,1.5715151515151515,0.00702797202797203,1.7718181818181817,-0.00024475524475524925,0.9657575757575758
CIC032022-11335,91%,Need Less Help,Meets expectations,3.91,1.33,1.53,B.E. / B.TECH Non IT,0.87,3.73,FullStack,3.72125,0.79,Meets expectations,1.58,1.35125,50.00%,2021,Nagendra,0.013243006993006998,1.2470454545454546,-0.017447552447552438,1.6409090909090909,-0.0011188811188811182,0.8756060606060605
CIC032022-11361,97%,Need Less Help,Improvement needed,4.03,1.57,1.62,B.E. / B.TECH Non IT,0.73,3.92,FullStack,4.01,0.82,Improvement needed,1.61,1.58,100.00%,2021,Nagendra,0.015524475524475534,1.4590909090909088,0.017027972027972044,1.5068181818181816,0.0076223776223776196,0.673371212121212
CIC032022-11365,87%,Need Less Help,Meets expectations,3.98,1.44,1.39,B.E. / B.TECH Non IT,0.89,3.72,FullStack,4.04,0.7,Meets expectations,1.58,1.76,66.67%,2016,Ashish,0.006188811188811189,1.3989393939393935,-0.0027972027972028106,1.4098484848484851,0.0002097902097902119,0.8886363636363638
CIC032022-11394,99%,Need No Help,Meets expectations,4.02,1.3,1.59,B.E. / B.TECH IT,0.88,3.77,AdvTech-2,3.78,0.88,Improvement needed,1.64,1.26,0.00%,2013,Sunil,-0.011625874125874127,1.3751515151515155,0.021013986013986012,1.4442424242424243,0.004493006993006989,0.8503787878787881
CIC032022-11403,100%,Need Less Help,Improvement needed,3.98,1.63,1.52,B.E. / B.TECH Non IT,0.74,3.89,FullStack,3.835,0.88,Meets expectations,1.475,1.48,100.00%,2018,Nagendra,0.008391608391608381,1.5754545454545454,0.023461538461538454,1.3583333333333336,0.00702797202797203,0.6868181818181819
CIC032022-11406,99%,Need Less Help,Meets expectations,3.92,1.43,1.57,B.E. / B.TECH Non IT,0.88,3.88,FullStack,2.665,0.785,Improvement needed,1.005,0.875,100.00%,2020,Nagendra,0.004527972027972021,1.4001515151515151,-0.021678321678321663,1.7125757575757574,-0.003776223776223774,0.9045454545454545
CIC032022-11412,86%,Need Less Help,Meets expectations,3.98,1.37,1.45,B.E. / B.TECH CS,0.86,3.68,FullStack,3.65125,0.82,Meets expectations,1.515,1.31625,75.00%,2019,Nagendra,0.01671328671328672,1.2580303030303033,-0.008251748251748256,1.5069696969696968,0.005314685314685319,0.822121212121212
CIC032022-11427,98%,Need Less Help,Improvement needed,3.73,1.32,1.5,B.E. / B.TECH Non IT,0.79,3.61,FullStack,4.225,0.85,Improvement needed,1.67,1.705,100.00%,2022,Ashish,-0.00220279720279719,1.3318181818181818,-0.002937062937062932,1.519090909090909,0.0018881118881118957,0.7777272727272727
CIC032022-11433,100%,Need Less Help,Improvement needed,4.15,1.54,1.45,BCA IT,0.74,3.72,AdvTech-1,3.8025,0.82,Meets expectations,1.515,1.4675,75.00%,2013,Gunjan,0.012727272727272738,1.4539393939393936,0.015104895104895096,1.350151515151515,0.008933566433566433,0.6802651515151515
CIC032022-11441,93%,Need No Help,Meets expectations,4.45,1.62,1.62,B.E. / B.TECH CS,0.82,4.06,FullStack,3.74125,0.85,Meets expectations,1.605,1.28625,75.00%,2021,Gunjan,-0.002194055944055936,1.094469696969697,-0.00041958041958041996,1.5427272727272725,-0.0008391608391608321,0.7854545454545453
CIC032022-11446,80%,Need Less Help,Meets expectations,0.0,1.34,1.63,B.E. / B.TECH IT,0.91,3.88,FullStack,3.84125,0.91,Meets expectations,1.58,1.35125,75.00%,2021,Nagendra,0.0029108391608391624,1.322121212121212,-0.02671328671328672,1.8019696969696968,-0.007447552447552439,0.9609090909090908
CIC032022-11447,78%,Need Less Help,Improvement needed,3.82,1.33,1.48,B.E. / B.TECH Non IT,0.75,3.55,FullStack,4.19,0.85,Meets expectations,1.79,1.55,100.00%,2022,Nagendra,0.00013986013986014309,1.3290909090909089,-0.008636363636363638,1.5386363636363638,0.0045979020979021006,0.7171969696969697
CIC032022-11466,100%,Need Less Help,Improvement needed,4.04,1.58,1.63,B.E. / B.TECH Non IT,0.7,3.91,FullStack,4.7,1.0,Meets expectations,2.0,1.7,100.00%,2021,Nagendra,0.024055944055944068,1.4169696969696968,0.029370629370629384,1.4190909090909087,0.0,0.7000000000000001
CIC032022-11486,97%,Need More Help,Improvement needed,3.62,1.4,1.4,BCA,0.85,3.65,AdvTech-2,3.64,0.82,Meets expectations,1.32,1.5,100.00%,2015,Sunil,0.0,1.4000000000000001,0.0,1.4000000000000001,0.0,0.82
CIC032022-11495,89%,Need Less Help,Improvement needed,3.69,1.37,1.52,B.E. / B.TECH Non IT,0.8,3.69,FullStack,4.2,0.91,Meets expectations,1.73,1.56,100.00%,2018,Sunil,-0.01073426573426572,1.4401893939393942,-0.01094405594405594,1.5919696969696968,-0.006853146853146843,0.8428787878787878
CIC032022-11550,97%,Need Less Help,Meets expectations,3.63,1.39,1.53,B.E. / B.TECH,0.75,3.66,FullStack,3.795,0.82,Meets expectations,1.64,1.335,100.00%,2020,Sunil,-8.856861538460906e-05,1.3207675946666666,0.00017412546153845634,1.458490912666667,0.0001342356846153854,0.7688366240666665
CIC032022-11572,90%,Need Less Help,Improvement needed,3.89,1.54,1.56,B.E. / B.TECH,0.79,3.89,FullStack,4.065,0.82,Meets expectations,1.725,1.52,75.00%,2019,Ashish,0.008391608391608402,1.4771212121212123,0.009405594405594407,1.4980303030303033,0.0011188811188811245,0.7843939393939393
CIC032022-11636,91%,Need More Help,Improvement needed,2.7,0.93,1.16,BCA IT,0.56,2.65,BasicTech,3.653,0.85,Improvement needed,1.5925,1.21,0.00%,2015,Ashish,-0.006137519664335671,1.2209191098181817,-0.008811888524475528,1.3077333369090909,-0.004830799280419578,0.6927760180060607
CIC042020-128,100%,Need More Help,Improvement needed,3.53,1.39,1.54,B.E. / B.TECH Non IT,0.78,3.71,AdvTech-1,3.18125,0.73,Improvement needed,1.295,1.15625,92.86%,2017,Dilip,0.004982517482517477,1.3563636363636364,-0.007517482517482512,1.5896969696969696,-0.0021678321678321615,0.7957575757575757
CIC042021-8395,95%,Need More Help,Improvement needed,3.26,1.2,1.5,B.E. / B.TECH Non IT,0.79,3.49,FullStack,3.695,0.85,Improvement needed,1.58,1.265,100.00%,2018,Ashish,-0.0016433566433566489,1.2098484848484847,-0.0018881118881118866,1.5122727272727272,-0.001923076923076917,0.8016666666666665
CIC042021-8396,96%,Need More Help,Improvement needed,3.33,1.27,1.45,B.E. / B.TECH CS,0.79,3.51,StdTech,3.3175,0.79,Improvement needed,1.46,1.0675,93.75%,2021,Ashish,-0.004335664335664341,1.298181818181818,-0.0024825174825174818,1.4669696969696966,0.0003846153846153912,0.7866666666666665
CIC042021-8399,98%,Need More Help,Improvement needed,3.33,1.34,1.5,B.E. / B.TECH CS,0.71,3.55,StdTech,3.155,0.82,Improvement needed,1.355,0.98,100.00%,2017,Ashish,-0.0020979020979020927,1.3536363636363635,0.0019580419580419598,1.4872727272727273,-0.002202797202797205,0.7234848484848484
CIC042021-8400,39%,Need Less Help,Meets expectations,0.0,1.38,1.69,B.E. / B.TECH CS,0.82,3.88,FullStack,3.2,0.73,Improvement needed,1.49,0.98,100.00%,2018,Ashish,0.0011276223776223722,1.3720454545454541,-0.0020279720279720334,1.6948484848484848,-0.002097902097902102,0.8336363636363636
CIC042021-8401,96%,Need Less Help,Improvement needed,4.04,1.51,1.49,B.E. / B.TECH Non IT,0.81,3.81,FullStack,3.69,0.66,Meets expectations,1.545,1.485,100.00%,2021,Gunjan,0.017202797202797205,1.399848484848485,0.008286713286713293,1.4336363636363634,0.0028321678321678416,0.7890909090909092
CIC042021-8403,94%,Need Less Help,Improvement needed,0.0,1.42,1.54,M.E. / M.Tech Non IT,0.78,3.75,FullStack,3.035,0.595,Improvement needed,1.46,0.98,100.00%,2020,Dilip,0.0,1.26,0.0,1.39,0.0,0.7599999999999999
CIC042021-8404,100%,Need Less Help,Meets expectations,4.0,1.18,1.53,B.E. / B.TECH CS,0.85,3.45,AdvTech-1,2.73,0.7,Unsatisfactory,1.12,0.91,93.75%,2020,Sunil,0.0,1.0500000000000003,0.0,1.18,0.0,0.5600000000000002
CIC042021-8408,51%,Need No Help,Meets expectations,0.0,1.58,1.63,MCA,0.88,4.09,DeepTech,3.36,0.7,Improvement needed,1.33,1.33,100.00%,2019,Sunil,0.0008041958041958089,1.5739393939393935,0.004020979020979003,1.6030303030303028,0.0012587412587412618,0.8718181818181818
CIC042021-8409,96%,Need Less Help,Improvement needed,0.0,1.68,1.8,B.E. / B.TECH Non IT,0.9,4.38,FullStack,3.29,0.7,Improvement needed,1.26,1.33,81.25%,2019,Dilip,-0.00012237762237762986,1.680378787878788,0.0046853146853146925,1.7712121212121212,0.008688811188811194,0.8406060606060606
CIC042021-8410,98%,Need More Help,Improvement needed,3.39,1.19,1.53,B.E. / B.TECH CS,0.84,3.56,AdvTech-1,2.508333333,0.56,Unsatisfactory,1.108333333,0.84,93.75%,2020,Dilip,-0.009790209790209795,1.2536363636363637,-0.00989510489510489,1.5951515151515152,-0.0034265734265734294,0.863939393939394
CIC042021-8411,85%,Need Less Help,Improvement needed,3.8,1.39,1.58,B.E. / B.TECH CS,0.88,3.85,FullStack,3.66,0.7,Unsatisfactory,1.33,1.63,100.00%,2017,Gunjan,0.010463286713286706,1.3238636363636365,-0.006888111888111877,1.622272727272727,-0.0025174825174825153,0.8963636363636366
CIC042021-8420,94%,Need Less Help,Improvement needed,3.62,1.33,1.46,BSc CS,0.84,3.62,AdvTech-1,1.75,0.35,Unsatisfactory,0.7,0.7,94.12%,2020,Gunjan,0.006826923076923085,1.2825,0.005139860139860137,1.4240909090909093,6.993006993006611e-05,0.8378787878787879
CIC042021-8421,60%,Need No Help,Meets expectations,0.0,1.43,1.66,B.E. / B.TECH CS,0.93,4.02,FullStack,1.75,0.35,Unsatisfactory,0.7,0.7,94.12%,2021,Sunil,0.002832167832167826,1.4040909090909093,-0.0016783216783216837,1.670909090909091,-0.0002097902097902022,0.9313636363636362
CIC042021-8422,100%,Need More Help,Improvement needed,3.34,1.32,1.47,MCA,0.71,3.49,FullStack,3.97,0.76,Meets expectations,1.58,1.63,100.00%,2018,Ashish,-0.002307692307692301,1.335,-0.0015734265734265748,1.4793939393939393,-0.0037762237762237762,0.7262121212121212
CIC042021-8445,100%,Need Less Help,Improvement needed,3.78,1.49,1.58,MCA,0.9,3.97,FullStack,3.1675,0.7,Improvement needed,1.4,1.0675,100.00%,2018,Sunil,0.0008391608391608453,1.4878787878787876,0.002307692307692324,1.5666666666666662,0.0022027972027972055,0.8831818181818183
CIC042021-8452,88%,Need Less Help,Meets expectations,3.96,1.52,1.65,B.E. / B.TECH Non IT,0.77,3.94,AdvTech-1,2.87,0.7,Improvement needed,1.26,0.91,100.00%,2015,Dilip,-0.0038461538461538494,1.5433333333333334,0.003671328671328657,1.6253030303030305,0.002465034965034971,0.7543939393939391
CIC042021-8455,94%,Need Less Help,Meets expectations,4.04,1.65,1.64,MSc CS/IT,0.87,4.17,AdvTech-2,3.6225,0.97,Improvement needed,1.55,1.1025,100.00%,2020,Gunjan,0.005926573426573422,1.614393939393939,-0.0054895104895105,1.674848484848485,-0.0017482517482517483,0.8830303030303028
CIC042021-8461,82%,Need No Help,Exceeds expectations,0.0,1.63,1.76,B.E. / B.TECH CS,0.88,4.26,FullStack,4.1,0.79,Meets expectations,1.7,1.61,100.00%,2020,Dilip,-8.856861538460906e-05,1.3207675946666666,0.00017412546153845634,1.458490912666667,0.0001342356846153854,0.7688366240666665
CIC042021-8468,55%,Need More Help,Unsatisfactory,3.02,1.28,1.26,BSc CS,0.72,3.26,AdvTech-1,3.54,0.82,Improvement needed,1.4,1.32,85.71%,2020,Ashish,-0.0020804195804195774,1.2935227272727268,-0.0048951048951049,1.2918181818181818,-0.004055944055944055,0.7480303030303029
CIC042021-8475,54%,Need Less Help,Improvement needed,3.52,1.33,1.42,B.E. / B.TECH Non IT,0.74,3.49,AdvTech-1,3.005,0.88,Improvement needed,1.215,0.91,78.57%,2016,Ashish,0.00416083916083917,1.2958712121212121,0.00020979020979020453,1.4186363636363637,-0.0016083916083916051,0.7521212121212121
CIC042021-8477,96%,Need More Help,Unsatisfactory,3.2,1.18,1.31,B.E. / B.TECH Non IT,0.68,3.16,BasicTech,2.602,0.7,Improvement needed,1.085,0.8166666667,93.33%,2018,Gunjan,0.003444055944055938,1.1563636363636363,0.001643356643356654,1.2968181818181819,0.00622377622377623,0.6378787878787877
CIC042021-8482,81%,Need More Help,Unsatisfactory,3.0,1.17,1.37,MCA,0.72,3.26,BasicTech,3.01,0.7,Improvement needed,1.365,0.945,100.00%,2019,Gunjan,0.009860139860139856,1.0992424242424244,-0.007447552447552436,1.4192424242424244,0.008111888111888113,0.668939393939394
CIC042021-8487,75%,Need No Help,Meets expectations,0.0,1.45,1.67,B.E. / B.TECH CS,0.98,4.1,FullStack,3.394166667,0.7,Meets expectations,1.4,1.294166667,93.33%,2018,Sunil,0.016013986013986008,1.3475757575757574,-0.001853146853146857,1.6812121212121212,-0.00244755244755245,0.9942424242424244
CIC042021-8492,84%,Need Less Help,Meets expectations,3.92,1.52,1.65,MCA,0.93,4.1,AdvTech-1,3.8175,0.73,Meets expectations,1.49,1.5975,100.00%,2019,Sunil,0.0055244755244755325,1.4857575757575756,0.008111888111888102,1.5939393939393938,-0.007447552447552443,0.9809090909090908
CIC042021-8494,98%,Need Less Help,Meets expectations,4.16,1.64,1.66,B.E. / B.TECH Non IT,0.83,4.12,FullStack,4.1675,0.79,Meets expectations,1.67,1.7075,92.31%,2019,Gunjan,0.01255244755244754,1.5575757575757578,-0.0019580419580419645,1.6693939393939392,0.004685314685314683,0.7978787878787879
CIC042021-8496,66%,Need No Help,Meets expectations,0.0,1.63,1.65,B.E. / B.TECH Non IT,0.83,4.11,DeepTech,3.66,0.76,Improvement needed,1.495,1.405,100.00%,2018,Dilip,-0.0004195804195804308,1.6327272727272724,-0.0005244755244755303,1.6542424242424238,0.0010402097902097863,0.8226136363636365
CIC042021-8514,94%,Need More Help,Improvement needed,3.25,1.32,1.43,MCA IT,0.77,3.52,FullStack,2.94,0.7,Improvement needed,1.19,1.05,100.00%,2019,Sunil,0.00013986013986014075,1.778257575757576,-0.00010489510489511198,1.639848484848485,-8.74125874125875e-05,0.7401515151515152
CIC042021-8519,87%,Need More Help,Exceeds expectations,2.03,1.25,1.3,B.E. / B.TECH CS,0.71,3.26,AdvTech-1,3.92,0.82,Meets expectations,1.52,1.58,100.00%,2020,Sunil,0.0,1.61,0.0,1.64,-0.00019230769230769247,0.9216666666666666
CIC042021-8523,98%,Need Less Help,Improvement needed,4.09,1.45,1.62,B.E. / B.TECH CS,0.84,3.9,AdvTech-2,3.92,1.0,Improvement needed,1.4,1.52,85.71%,2018,Dilip,0.004414335664335661,1.4206818181818182,0.00370629370629373,1.5942424242424242,0.0047727272727272705,0.8077272727272727
CIC042021-8656,100%,Need Less Help,Meets expectations,4.04,1.53,1.6,B.E. / B.TECH Non IT,0.81,3.94,FullStack,3.41,0.79,Improvement needed,1.43,1.19,80.00%,2019,Sunil Patil,-0.0010314685314685391,1.435871212121212,0.0,1.5199999999999998,0.001258741258741256,0.811818181818182
CIC042022-11816,95%,Need Less Help,Meets expectations,4.0,1.44,1.43,B.E. / B.TECH Non IT,0.93,3.79,AdvTech-1,3.43,0.7,Meets expectations,1.4,1.33,100.00%,2019,Sunil,0.015769230769230758,1.376666666666667,0.002202797202797205,1.418181818181818,-0.0005769230769230774,0.9266666666666667
CIC052021-8499,96%,Need More Help,Improvement needed,3.28,0.86,1.31,B.E. / B.TECH Non IT,0.78,2.95,AdvTech-1,2.89,0.49,Improvement needed,0.98,1.42,100.00%,2019,Sunil,0.022692307692307692,0.7133333333333334,0.022202797202797213,1.1631818181818183,0.020524475524475526,0.6457575757575758
CIC052021-8501,98%,Need Less Help,Improvement needed,3.81,1.61,1.74,M.E. / M.Tech CS/IT,0.85,4.19,FullStack,3.08,0.63,Meets expectations,1.26,1.19,90.91%,2021,Dilip,-0.007587412587412572,1.660151515151515,0.005419580419580417,1.7022727272727272,0.0038811188811188825,0.822272727272727
CIC052021-8505,68%,Need Less Help,Improvement needed,3.24,1.29,1.47,B.E. / B.TECH CS,0.78,3.54,AdvTech-1,3.22,0.7,Improvement needed,1.26,1.26,100.00%,2021,Dilip,-0.005857799384615376,1.3357675946666667,0.003251048538461533,1.4484909126666667,0.004679690230069936,0.749291169521212
CIC052021-8506,100%,Need Less Help,Improvement needed,3.98,1.34,1.46,B.E. / B.TECH CS,0.69,3.49,AdvTech-1,4.03,0.82,Meets expectations,1.64,1.57,100.00%,2019,Ashish,0.004825174825174839,1.3086363636363634,0.0025174825174825236,1.4436363636363638,0.001958041958041952,0.6772727272727271
CIC052021-8518,100%,Need Less Help,Improvement needed,2.92,1.62,1.7,B.E. / B.TECH IT,0.82,4.04,AdvTech-1,3.29,0.7,Improvement needed,1.26,1.33,100.00%,2018,Dilip,-0.013548951048951036,1.7101515151515152,-0.0020629370629370704,1.7109090909090907,0.007211538461538455,0.7745833333333335
CIC052021-8526,98%,Need Less Help,Meets expectations,4.23,1.34,1.85,B.E. / B.TECH Non IT,0.98,4.16,FullStack,4.025,1.0,Meets expectations,1.88,1.145,100.00%,2019,Sunil,0.011573426573426578,1.2622727272727274,0.005139860139860159,1.8140909090909094,0.002587412587412587,0.9615151515151517
CIC052021-8527,100%,Need Less Help,Improvement needed,3.65,1.4,1.54,B.E. / B.TECH Non IT,0.79,3.73,AdvTech-1,3.21,0.76,Improvement needed,1.26,1.19,100.00%,2018,Ashish,-0.0023513986013986134,1.4163257575757577,0.0031818181818181793,1.520151515151515,0.003531468531468537,0.7662121212121211
CIC052021-8528,93%,Need Less Help,Meets expectations,3.48,1.2,1.51,B.E. / B.TECH Non IT,0.77,3.47,FullStack,3.6725,0.82,Meets expectations,1.82,1.0325,92.31%,2019,Sunil,0.015524475524475516,1.0974242424242424,0.009930069930069929,1.443787878787879,0.0029720279720279776,0.7498484848484847
CIC052021-8532,83%,Need Less Help,Improvement needed,0.0,1.24,1.65,B.E. / B.TECH Non IT,0.81,3.7,AdvTech-2,1.82,0.35,Unsatisfactory,0.77,0.7,0.00%,2019,Dilip,-0.002919580419580421,1.2589772727272728,0.0006293706293706299,1.6459090909090905,0.0027272727272727357,0.7922727272727274
CIC052021-8533,86%,Need More Help,Improvement needed,3.8,1.4,1.54,B.E. / B.TECH Non IT,0.76,3.7,AdvTech-1,3.38375,0.73,Meets expectations,1.49,1.16375,92.31%,2020,Ashish,0.0,1.4000000000000001,0.0028671328671328734,1.5196969696969693,0.0,0.7599999999999999
CIC052021-8537,93%,Need Less Help,Meets expectations,3.55,1.0,1.14,B.E. / B.TECH Non IT,0.75,2.88,AdvTech-1,2.765,0.56,Improvement needed,1.26,0.945,100.00%,2020,Sunil,0.03199300699300701,0.7895454545454543,0.03111888111888111,0.9360606060606063,0.00743881118881119,0.7014393939393938
CIC052021-8540,100%,Need More Help,Improvement needed,3.74,1.37,1.38,B.E. / B.TECH Non IT,0.93,3.67,AdvTech-1,3.71,0.7,Improvement needed,1.46,1.55,100.00%,2019,Ashish,0.0014149278881118936,1.5218282007272728,0.0018524471398601488,1.6075818217575761,0.0001692007195804266,0.7994426846727274
CIC052021-8542,96%,Need More Help,Improvement needed,4.27,1.46,1.68,B.E. / B.TECH CS,0.79,3.92,FullStack,4.04,0.85,Improvement needed,1.55,1.64,100.00%,2021,Sunil patil,0.0033916083916083794,1.1487878787878787,0.001958041958041969,1.3172727272727274,0.0,0.6899999999999998
CIC052021-8543,92%,Need Less Help,Meets expectations,4.28,1.76,1.57,B.E. / B.TECH CS,0.82,4.15,FullStack,4.31,0.79,Improvement needed,1.76,1.76,90.91%,2020,Ashish,0.0,1.7600000000000005,0.002587412587412599,1.5448484848484847,0.0,0.82
CIC052021-8544,95%,Need Less Help,Meets expectations,3.73,1.46,1.58,B.E. / B.TECH Non IT,0.74,3.78,AdvTech-1,3.95,0.85,Improvement needed,1.61,1.49,90.91%,2021,Ashish,0.0015384615384615382,1.4500000000000002,-0.004195804195804178,1.6072727272727272,0.004545454545454544,0.7087878787878789
CIC052021-8546,34%,Need More Help,Improvement needed,0.0,1.2,1.25,B.E. / B.TECH CS,0.74,3.18,BasicTech,4.4,0.94,Meets expectations,1.88,1.58,100.00%,2020,Ashish,0.001013986013986015,1.2725757575757575,0.0,1.4600000000000002,0.0,0.7599999999999999
CIC052021-8547,97%,Need More Help,Improvement needed,3.8,1.46,1.44,B.E. / B.TECH Non IT,0.78,3.68,AdvTech-1,4.19,0.79,Improvement needed,1.55,1.85,100.00%,2019,Ashish,0.0016433566433566363,1.4484848484848485,0.0017132867132867065,1.4296969696969697,0.0011888111888111918,0.7706060606060606
CIC052021-8549,100%,Need Less Help,Meets expectations,4.34,1.7,1.7,M.E. / M.Tech CS/IT,0.82,4.22,FullStack,4.64,1.0,Meets expectations,2.0,1.64,100.00%,2020,Ashish,0.003356643356643344,1.6781818181818182,0.0,1.7,0.0,0.82
CIC052021-8554,100%,Need Less Help,Meets expectations,3.77,1.26,1.31,B.E. / B.TECH Non IT,0.73,3.31,AdvTech-1,3.42,0.76,Improvement needed,1.4,1.26,80.00%,2019,Ashish,0.0004895104895104969,1.2584848484848483,0.002237762237762249,1.2954545454545456,0.007832167832167834,0.6807575757575759
CIC052021-8558,79%,Need Less Help,Improvement needed,3.97,1.42,1.51,B.E. / B.TECH CS,0.82,3.75,AdvTech-1,3.35,0.76,Improvement needed,1.4,1.19,80.00%,2019,Dilip,0.00291958041958041,1.4014393939393943,0.006398601398601399,1.4609090909090912,0.006669580419580412,0.7781060606060608
CIC052021-8564,100%,Need No Help,Meets expectations,4.52,1.74,1.78,B.E. / B.TECH Non IT,0.92,4.44,FullStack,4.4,1.0,Meets expectations,1.88,1.52,80.00%,2021,Ashish,1.552759475000219e-18,1.7399999999999995,0.0033566433566433597,1.7581818181818185,0.0008391608391608449,0.9145454545454546
CIC052021-8574,88%,Need More Help,Improvement needed,3.47,1.34,1.64,B.E. / B.TECH Non IT,0.8,3.78,FullStack,3.35,0.76,Improvement needed,1.4,1.19,90.00%,2016,Sunil patil,-0.00547202797202797,1.3759848484848487,-0.0013636363636363687,1.6463636363636365,-0.0030769230769230656,0.8233333333333333
CIC052021-8581,62%,Need Less Help,Meets expectations,4.16,1.5,1.59,B.E. / B.TECH IT,0.91,4.0,DeepTech,4.355,1.0,Meets expectations,1.91,1.445,60.00%,2019,Dilip,0.0012587412587412598,1.4918181818181817,0.0020629370629370748,1.5757575757575757,0.008041958041958045,0.8360606060606061
CIC052021-8584,100%,Need Less Help,Meets expectations,3.97,1.51,1.53,B.E. / B.TECH Non IT,0.81,3.85,AdvTech-2,4.45,1.0,Meets expectations,2.0,1.45,90.00%,2020,Ashish,-0.002937062937062934,1.530757575757576,0.0006993006993007093,1.5237878787878787,0.0047902097902098,0.7780303030303032
CIC052021-8585,41%,Need Less Help,Meets expectations,3.91,1.39,1.62,B.E. / B.TECH Non IT,0.82,3.83,AdvTech-1,3.35,0.76,Improvement needed,1.4,1.19,80.00%,2018,Ashish,0.0023076923076923153,1.4949999999999999,0.005664335664335675,1.5331818181818182,0.0016783216783216798,0.709090909090909
CIC052021-8589,100%,Need More Help,Improvement needed,3.94,1.29,1.65,B.E. / B.TECH CS,0.77,3.7,FullStack,3.385,0.76,Improvement needed,1.365,1.26,80.00%,2019,Dilip,0.004309440559440559,1.261780303030303,0.015769230769230758,1.545,0.008216783216783218,0.7161742424242422
CIC052021-8591,98%,Need Less Help,Meets expectations,3.98,1.45,1.39,BSc CS,0.65,3.49,AdvTech-1,3.305,0.76,Improvement needed,1.285,1.26,60.00%,2017,Sunil,0.014414335664335655,1.3552651515151513,0.012657342657342646,1.308560606060606,0.010830419580419585,0.5785606060606061
CIC052021-8595,77%,Need Less Help,Meets expectations,4.57,1.64,1.83,B.E. / B.TECH Non IT,0.89,4.36,AdvTech-1,3.277916667,0.73,Improvement needed,1.395,1.152916667,92.31%,2018,Sunil patil,0.003496503496503483,1.6189393939393941,0.0023076923076923183,1.8149999999999993,0.0002097902097902119,0.8886363636363638
CIC052021-8596,96%,Need Less Help,Improvement needed,0.0,1.43,1.5,B.E. / B.TECH Non IT,0.77,3.7,FullStack,2.648333333,0.7,Unsatisfactory,1.19,0.7583333333,100.00%,2019,Dilip,0.0022465034965034945,1.4156060606060603,0.00111888111888112,1.491060606060606,0.0014335664335664343,0.7598484848484848
CIC052021-8609,83%,Need Less Help,Meets expectations,3.67,1.49,1.5,B.E. / B.TECH Non IT,0.62,3.61,AdvTech-1,3.36,0.7,Improvement needed,1.33,1.33,100.00%,2020,Ashish,-0.0003496503496503445,1.4939393939393937,0.0023426573426573376,1.4822727272727272,0.005104895104895103,0.5851515151515151
CIC052021-8611,100%,Need More Help,Improvement needed,2.42,1.33,1.43,MCA,0.8,3.56,FullStack,3.29,0.7,Improvement needed,1.26,1.33,100.00%,2020,Sunil,-0.010437062937062931,1.3990909090909092,-0.008881118881118881,1.4810606060606057,-0.0018181818181818084,0.8118181818181819
CIC052021-8612,76%,Need Less Help,Improvement needed,4.07,1.49,1.64,B.E. / B.TECH CS,0.83,3.95,AdvTech-1,3.36,0.7,Improvement needed,1.33,1.33,92.31%,2021,Dilip,0.00023601398601398566,1.4882575757575756,0.003356643356643347,1.6181818181818186,0.00041958041958041297,0.8197727272727274
CIC052021-8615,97%,Need Less Help,Meets expectations,4.4,1.6,1.7,B.E. / B.TECH Non IT,0.89,4.19,DeepTech,4.04,0.7,Meets expectations,1.7,1.64,100.00%,2020,Dilip,0.0023951048951049068,1.584848484848485,0.006223776223776218,1.6578787878787877,0.007919580419580421,0.8372727272727273
CIC052021-8619,95%,Need Less Help,Improvement needed,3.97,1.37,1.49,B.E. / B.TECH Non IT,0.83,3.68,AdvTech-2,3.5,0.7,Improvement needed,1.4,1.4,100.00%,2018,Dilip,0.009702797202797217,1.304848484848485,0.006748251748251744,1.4386363636363637,0.006276223776223771,0.7871212121212122
CIC052021-8623,60%,Need Less Help,Meets expectations,0.0,1.46,1.49,B.E. / B.TECH Non IT,0.88,3.83,AdvTech-1,3.22,0.7,Improvement needed,1.26,1.26,100.00%,2015,Dilip,-0.0006993006993006992,1.4637121212121214,0.00702797202797203,1.4434848484848484,0.0010489510489510472,0.8731818181818184
CIC052021-8624,97%,Need No Help,Meets expectations,4.28,1.55,1.67,MCA,0.89,4.11,FullStack,4.04,0.7,Exceeds expectations,1.64,1.7,100.00%,2020,Dilip,-0.0031993006993006907,1.5728787878787882,0.007657342657342646,1.6127272727272726,0.007919580419580421,0.8372727272727273
CIC052021-8627,100%,Need Less Help,Exceptional,4.4,1.61,1.65,B.E. / B.TECH Non IT,0.96,4.22,FullStack,2.79,0.7,Improvement needed,1.39,0.7,92.86%,2021,Ashish,0.005734265734265749,1.5710606060606058,0.01776223776223775,1.5362121212121211,0.008111888111888111,0.9039393939393939
CIC052021-8629,100%,Need Less Help,Improvement needed,3.85,1.28,1.58,B.E. / B.TECH Non IT,0.94,3.8,AdvTech-1,3.74,0.7,Meets expectations,1.52,1.52,100.00%,2020,Ashish,0.001013986013986015,1.2725757575757575,0.0,1.58,0.0,0.9399999999999998
CIC052021-8637,100%,Need Less Help,Improvement needed,3.74,1.27,1.42,B.E. / B.TECH Non IT,0.66,3.35,AdvTech-1,3.355,0.82,Improvement needed,1.52,1.015,100.00%,2020,Gunjan,0.015000000000000003,1.17125,0.009965034965034954,1.357727272727273,0.0033216783216783244,0.6388257575757577
CIC052021-8638,100%,Need No Help,Meets expectations,4.28,1.55,1.54,B.E. / B.TECH Non IT,0.82,3.92,FullStack,4.13,0.79,Meets expectations,1.64,1.7,100.00%,2020,Gunjan,0.010227272727272734,1.4831060606060609,0.006258741258741264,1.5018181818181813,0.00534965034965035,0.7877272727272728
CIC052021-8640,98%,Need No Help,Meets expectations,4.27,1.63,1.61,B.E. / B.TECH CS,0.78,4.01,FullStack,4.0525,0.94,Meets expectations,1.94,1.1725,100.00%,2018,Gunjan,0.010314685314685306,1.5612878787878786,0.006818181818181828,1.563181818181818,0.006905594405594414,0.7321969696969696
CIC052021-8641,98%,Need Less Help,Improvement needed,3.76,1.26,1.42,B.E. / B.TECH Non IT,0.71,3.38,AdvTech-1,3.115,0.7,Improvement needed,1.4,1.015,100.00%,2019,Gunjan,0.0033566433566433605,1.2377651515151515,0.008846153846153844,1.3616666666666668,0.0038898601398601345,0.6820075757575759
CIC052021-8642,94%,Need Less Help,Improvement needed,0.0,1.49,1.39,B.E. / B.TECH CS,0.82,3.7,FullStack,3.83,0.7,Meets expectations,1.58,1.55,100.00%,2018,Dilip,0.0035128299860139748,1.3665251704242425,-0.0015391612517482586,1.4404606096363637,0.0011831867335664384,0.7820184422484846
CIC052021-8650,80%,Need No Help,Meets expectations,4.33,1.7,1.63,BSc Non IT,0.8,4.13,AdvTech-1,3.6825,0.88,Improvement needed,1.7,1.1025,100.00%,2020,Gunjan,0.009178321678321675,1.639090909090909,0.0040909090909090765,1.6059090909090905,0.006730769230769236,0.7541666666666667
CIC052021-8655,100%,Need More Help,Improvement needed,3.71,1.33,1.48,B.E. / B.TECH CS,0.8,3.61,FullStack,3.9925,0.94,Meets expectations,1.88,1.1725,100.00%,2021,Sunil,0.012569930069930079,1.2478787878787878,0.015839160839160843,1.3795454545454546,0.004685314685314694,0.7662121212121212
CIC052021-8663,100%,Need Less Help,Meets expectations,3.94,1.44,1.49,B.E. / B.TECH Non IT,0.72,3.65,AdvTech-2,4.0525,1.0,Meets expectations,1.88,1.1725,100.00%,2020,Gunjan,0.011110139860139855,1.3659090909090905,0.005559440559440555,1.4546969696969694,0.00244755244755245,0.7049242424242423
CIC052021-8665,36%,Need Less Help,Improvement needed,3.51,1.06,1.55,B.E. / B.TECH Non IT,0.76,3.37,BasicTech,3.6,0.69,Improvement needed,1.45,1.46,92.86%,2021,Ashish,-0.02610255462937063,1.3731918370909093,0.011327971615384616,1.4251575793333333,-0.0007398901895104895,0.7703517755818181
CIC052021-8667,100%,Need Less Help,Improvement needed,0.0,1.47,1.4,B.E. / B.TECH Non IT,0.76,3.63,FullStack,4.03,0.85,Meets expectations,1.6,1.58,100.00%,2021,Dilip,0.003617725090909092,1.418343352242424,-0.0012244759370629514,1.4192484884242424,-0.00025037969999999954,0.7621699574
CIC052022-11932,93%,Need More Help,Improvement needed,3.29,1.18,1.47,B.E. / B.TECH CS,0.75,3.4,BasicTech,3.265,0.82,Improvement needed,1.435,1.01,0.00%,2021,Ashish,-0.00031468531468530645,1.0812121212121213,-0.0023776223776223824,1.1954545454545453,-0.0014335664335664298,0.790151515151515
CIC052022-12120,100%,Need More Help,Improvement needed,3.6,1.3,1.46,MCA,0.88,3.64,AdvTech-2,3.84,0.61,Meets expectations,1.82,1.41,100.00%,2019,Sunil,0.0037762237762237636,1.3837878787878788,0.006293706293706306,1.539090909090909,0.0,0.8800000000000002
CIC052022-12143,100%,Need More Help,Improvement needed,3.62,1.4,1.55,B.E. / B.TECH Non IT,0.7,3.65,AdvTech-2,2.9675,0.7,Improvement needed,1.34,0.9275,100.00%,2021,Sunil,0.006783216783216789,1.4642424242424243,0.003426573426573441,1.5960606060606064,0.0004895104895104927,0.7351515151515152
CIC052022-12144,100%,Need More Help,Improvement needed,3.62,1.44,1.46,B.E. / B.TECH Non IT,0.76,3.66,AdvTech-2,3.7375,0.61,Meets expectations,1.805,1.3225,100.00%,2021,Sunil,0.00010489510489509956,1.4284848484848482,0.0,1.4600000000000002,0.0,0.7599999999999999
CIC052022-12152,100%,Need More Help,Improvement needed,3.62,1.4,1.49,B.E. / B.TECH Non IT,0.76,3.65,AdvTech-2,3.935,0.68,Meets expectations,1.64,1.615,100.00%,2021,Sunil,-0.0027622377622377545,1.2987878787878784,0.0,1.4800000000000002,-0.00041958041958041996,0.7427272727272728
CIC062021-8677,93%,Need More Help,Unsatisfactory,2.77,0.74,1.08,B.E. / B.TECH CS,0.57,2.4,BasicTech,3.56,0.7,Improvement needed,1.46,1.4,85.71%,2020,Sunil patil,-8.856861538460906e-05,1.3207675946666666,0.00017412546153845634,1.458490912666667,0.0001342356846153854,0.7688366240666665
CIC062021-8690,100%,Need No Help,Exceeds expectations,4.7,1.66,1.75,B.E. / B.TECH CS,0.87,4.17,FullStack,3.98,0.76,Meets expectations,1.64,1.58,92.86%,2021,Ashish,0.017657342657342635,1.5460606060606064,0.015419580419580423,1.647272727272727,0.010314685314685313,0.7837878787878787
CIC062021-8691,86%,Need Less Help,Improvement needed,3.72,1.43,1.46,B.E. / B.TECH Non IT,0.66,3.56,AdvTech-1,3.9,0.82,Improvement needed,1.53,1.55,100.00%,2018,Gunjan,0.0065034965034965015,1.391060606060606,-0.01003496503496504,1.5277272727272728,-0.005734265734265727,0.6956060606060606
CIC062021-8692,93%,Need Less Help,Meets expectations,4.08,1.46,1.7,B.E. / B.TECH Non IT,0.94,4.1,FullStack,3.905,0.85,Meets expectations,1.665,1.39,100.00%,2019,Dilip,-9.615384615384411e-05,1.4908333333333332,0.0,1.45,0.0,0.7000000000000001
CIC062021-8697,98%,Need No Help,Exceeds expectations,4.76,1.67,1.71,B.E. / B.TECH IT,0.87,4.15,FullStack,4.36,0.94,Meets expectations,1.64,1.78,100.00%,2021,Ashish,0.014930069930069918,1.5721212121212123,0.023251748251748246,1.5596969696969698,0.008426573426573424,0.8077272727272726
CIC062021-8701,90%,Need Less Help,Improvement needed,3.68,1.36,1.43,B.E. / B.TECH IT,0.75,3.55,AdvTech-1,1.19,0.63,Unsatisfactory,0.7,0.525,71.43%,2021,Sunil,0.005909090909090918,1.3240909090909088,0.010944055944055946,1.3596969696969696,-0.0025874125874125824,0.7684848484848483
CIC062021-8705,92%,Need More Help,Improvement needed,3.57,1.22,1.44,B.E. / B.TECH CS,0.81,3.47,BasicTech,2.065,0.525,Unsatisfactory,0.84,0.7,60.00%,2021,Ashish,0.008531468531468524,1.1662121212121215,0.014825174825174819,1.3403030303030303,0.005874125874125878,0.771818181818182
CIC062021-8709,100%,Need Less Help,Meets expectations,3.21,1.26,1.46,B.E. / B.TECH Non IT,0.8,3.51,FullStack,3.29,0.7,Improvement needed,1.4,1.19,100.00%,2019,Ashish,-0.0021328671328671263,1.273030303030303,-0.005454545454545455,1.493787878787879,-0.004335664335664327,0.8265151515151514
CIC062021-8711,98%,Need Less Help,Meets expectations,0.0,1.43,1.53,PG Non IT,0.85,3.81,AdvTech-1,3.56,0.76,Improvement needed,1.4,1.4,80.00%,2020,Dilip,-0.00270979020979022,1.448030303030303,-0.004020979020979017,1.5553030303030304,-0.0017832167832167848,0.864090909090909
CIC062021-8712,75%,Need Less Help,Meets expectations,4.04,1.51,1.5,B.E. / B.TECH CS,0.81,3.82,AdvTech-1,4.58,0.94,Exceeds expectations,1.82,1.82,92.86%,2019,Gunjan,0.008767482517482524,1.4540530303030301,0.007692307692307694,1.4483333333333333,0.003496503496503504,0.7872727272727272
CIC062021-8717,79%,Need More Help,Improvement needed,2.67,0.89,0.92,B.E. / B.TECH Non IT,0.5,2.3,BasicTech,3.203,0.7,Improvement needed,1.4,1.1025,100.00%,2021,Sunil patil,-0.003400349650349643,0.9093939393939394,0.001346153846153852,0.9125,0.0017482517482517491,0.4853030303030303
CIC062021-8720,92%,Need Less Help,Improvement needed,0.0,1.4,1.51,B.E. / B.TECH CS,0.79,3.7,FullStack,3.29,0.7,Improvement needed,1.4,1.19,70.00%,2020,Dilip,-0.002141608391608401,1.4162121212121213,-0.005559440559440556,1.543636363636364,-0.0017832167832167747,0.8040909090909089
CIC062021-8723,98%,Need Less Help,Improvement needed,3.98,1.58,1.75,B.E. / B.TECH CS,0.91,4.24,FullStack,4.64,1.0,Exceeds expectations,1.82,1.82,100.00%,2018,Gunjan,-0.006031468531468532,1.6154545454545455,-0.006188811188811185,1.792727272727273,-0.0028321678321678286,0.930909090909091
CIC062021-8733,100%,Need More Help,Improvement needed,3.59,1.26,1.42,BSc IT,0.88,3.56,FullStack,4.11,0.88,Meets expectations,1.76,1.47,0.00%,2019,Sunil,-8.856861538460906e-05,1.3207675946666666,0.00017412546153845634,1.458490912666667,0.0001342356846153854,0.7688366240666665
CIC062021-8738,90%,Need Less Help,Improvement needed,0.0,1.42,1.44,B.E. / B.TECH IT,0.75,3.6,AdvTech-1,3.665,0.88,Improvement needed,1.64,1.145,85.71%,2019,Dilip,-8.85686153846176e-05,1.4024342613333336,-0.0018188815314685448,1.4506121247878787,-5.624455244754592e-06,0.7514123816424243
CIC062021-8744,94%,Need Less Help,Meets expectations,3.66,1.35,1.62,B.E. / B.TECH CS,0.91,3.88,FullStack,2.73,0.63,Improvement needed,1.33,0.77,80.95%,2021,Sunil,0.0004895104895104934,0.9068181818181819,0.0022027972027972025,1.2348484848484849,0.0003146853146853142,0.7187878787878786
CIC062021-8746,100%,Need More Help,Improvement needed,3.33,1.05,1.46,B.E. / B.TECH Non IT,0.73,3.24,BasicTech,2.765,0.49,Improvement needed,1.33,0.945,100.00%,2015,Sunil patil,0.01678321678321679,0.9413257575757579,0.027342657342657343,1.2822727272727275,0.012657342657342653,0.641060606060606
CIC062021-8748,86%,Need Less Help,Improvement needed,3.01,1.02,1.07,B.E. / B.TECH Non IT,0.54,2.63,BasicTech,2.1,0.42,Unsatisfactory,0.98,0.7,100.00%,2021,Sunil,0.01666083916083916,0.912121212121212,0.018181818181818188,0.9534848484848486,0.009720279720279725,0.4751515151515151
CIC062021-8751,85%,Need More Help,Improvement needed,3.21,1.17,1.4,B.E. / B.TECH Non IT,0.78,3.35,BasicTech,3.5,0.7,Improvement needed,1.4,1.4,100.00%,2021,Gunjan,-0.014283216783216793,1.2649242424242426,-0.019860139860139868,1.5290909090909093,-0.004965034965034962,0.8106060606060606
CIC062021-8756,98%,Need More Help,Improvement needed,0.0,1.03,1.42,B.E. / B.TECH CS,0.78,3.22,BasicTech,2.82,0.595,Improvement needed,1.26,0.9654166667,100.00%,2020,Dilip,-0.0029370629370629327,1.0490909090909089,-0.0032167832167832202,1.4392424242424242,0.00234265734265735,0.7622727272727272
CIC062021-8757,74%,Need Less Help,Improvement needed,0.0,1.41,1.51,B.E. / B.TECH Non IT,0.73,3.65,FullStack,2.975,0.7,Improvement needed,1.4,0.875,78.57%,2021,Dilip,0.0026660839160839067,1.3820454545454546,-0.0021678321678321698,1.5424242424242425,0.0006293706293706299,0.7242424242424242
CIC062021-8758,100%,Need Less Help,Meets expectations,3.35,1.35,1.46,B.E. / B.TECH CS,0.81,3.61,FullStack,4.0925,0.76,Meets expectations,1.58,1.7525,100.00%,2021,Ashish,-0.005524475524475508,1.3842424242424243,-0.004055944055944056,1.48469696969697,-0.0015734265734265655,0.8193939393939396
CIC062021-8762,92%,Need Less Help,Improvement needed,0.0,1.39,1.52,B.E. / B.TECH Non IT,0.76,3.67,AdvTech-1,3.75,0.63,Improvement needed,1.39,1.73,100.00%,2019,Dilip,-0.00014860139860140397,1.392840909090909,-0.0019930069930069877,1.5354545454545454,0.0,0.7599999999999999
CIC062021-8766,98%,Need Less Help,Improvement needed,0.0,1.46,1.56,B.E. / B.TECH Non IT,0.83,3.85,FullStack,3.356666667,0.7,Improvement needed,1.255,1.401666667,100.00%,2021,Dilip,0.0020979020979021,1.4463636363636365,-0.005489510489510473,1.5948484848484845,-0.0006643356643356649,0.8334848484848484
CIC062021-8767,96%,Need Less Help,Exceeds expectations,4.34,1.58,1.82,B.E. / B.TECH Non IT,0.94,4.34,DeepTech,3.345,0.7,Improvement needed,1.455,1.19,71.43%,2020,Ashish,-0.00041083916083916607,1.2220454545454549,-0.0008741258741258818,1.4465151515151513,-0.00020979020979020998,0.7213636363636362
CIC062021-8769,93%,Need Less Help,Improvement needed,3.9,1.42,1.69,B.E. / B.TECH Non IT,0.88,3.99,FullStack,4.04,0.7,Meets expectations,1.64,1.7,100.00%,2021,Dilip,0.0,1.47,0.0,1.7600000000000005,0.0,0.9399999999999998
CIC062021-8773,24%,Need Less Help,Meets expectations,0.0,1.45,1.58,B.E. / B.TECH Non IT,0.82,3.85,FullStack,3.785,0.78,Meets expectations,1.495,1.51,100.00%,2021,Gunjan,-0.00010489510489510499,1.4415151515151514,-0.0004195804195804114,1.5827272727272728,-0.0004195804195804235,0.822727272727273
CIC062021-8777,87%,Need Less Help,Meets expectations,0.0,1.37,1.63,B.E. / B.TECH CS,0.84,3.84,AdvTech-1,4.04,0.7,Meets expectations,1.76,1.58,100.00%,2018,Gunjan,0.0024125874125874233,1.351818181818182,0.004090909090909083,1.604242424242424,-0.00216783216783217,0.8557575757575758
CIC062021-8781,60%,Need Less Help,Improvement needed,0.0,1.38,1.49,B.E. / B.TECH Non IT,0.82,3.69,FullStack,2.89875,0.595,Improvement needed,1.145,1.15875,100.00%,2019,Gunjan,0.003566433566433554,1.3568181818181815,0.002132867132867135,1.4769696969696966,0.0004195804195804172,0.8172727272727275
CIC062021-8782,88%,Need Less Help,Meets expectations,4.08,1.44,1.72,B.E. / B.TECH CS,0.91,4.06,FullStack,4.1,0.7,Meets expectations,1.76,1.64,100.00%,2020,Dilip,-0.0027272727272727297,1.477727272727273,-0.00024475524475524497,1.7124242424242426,0.000769230769230773,0.8966666666666667
CIC062021-8783,76%,Need No Help,Exceeds expectations,0.0,1.63,1.78,B.E. / B.TECH CS,0.93,4.33,AdvTech-2,4.31,0.85,Meets expectations,1.73,1.73,100.00%,2020,Gunjan,0.003968531468531456,1.602121212121212,0.0013986013986014,1.7675757575757576,0.0032167832167832224,0.9024242424242424
CIC062021-8784,66%,Need Less Help,Improvement needed,3.56,1.18,1.35,B.E. / B.TECH CS,0.74,3.27,StdTech,3.04625,0.725,Improvement needed,1.215,1.10625,100.00%,2020,Ashish,0.004657934881118879,1.1680403219393936,0.003775524062937067,1.335915155090909,-0.0009147153643356633,0.7473214725515153
CIC062021-8794,89%,Need Less Help,Meets expectations,0.0,1.42,1.68,B.E. / B.TECH CS,0.85,3.94,AdvTech-1,3.5,0.7,Improvement needed,1.4,1.4,100.00%,2021,Gunjan,0.009055944055944058,1.3586363636363634,-0.0011888111888111938,1.6860606060606063,0.003356643356643359,0.8281818181818181
CIC062021-8795,97%,Need Less Help,Meets expectations,3.21,1.27,1.39,MCA,0.72,3.38,BasicTech,3.34,0.76,Improvement needed,1.355,1.225,85.71%,2020,Ashish,-0.0016083916083916015,1.2804545454545453,-1.0092936587501423e-17,1.39,3.4965034965033054e-05,0.7206060606060606
CIC062021-8796,94%,Need Less Help,Improvement needed,4.12,1.52,1.6,B.E. / B.TECH Non IT,0.78,3.89,FullStack,3.02,0.525,Improvement needed,1.08,1.415,100.00%,2020,Gunjan,-0.0009790209790209784,1.2663636363636364,-6.993006993007e-05,1.3904545454545454,-0.0002797202797202757,0.6618181818181819
CIC062021-8830,96%,Need Less Help,Meets expectations,4.52,1.43,1.69,M.E. / M.Tech CS/IT,0.91,4.03,AdvTech-1,3.96,0.88,Meets expectations,1.82,1.26,100.00%,2021,Sunil,0.010139860139860133,1.3657575757575757,0.012832167832167828,1.6074242424242429,0.0005244755244755291,0.9040909090909092
CIC062021-8832,74%,Need Less Help,Improvement needed,0.0,1.39,1.45,B.E. / B.TECH CS,0.74,3.58,FullStack,3.3575,0.76,Improvement needed,1.58,1.0175,100.00%,2021,Dilip,0.0015472027972027868,1.3776515151515152,-0.007552447552447559,1.5007575757575755,0.0032255244755244714,0.718409090909091
CIC062021-8836,98%,Need No Help,Meets expectations,4.14,1.52,1.79,B.E. / B.TECH CS,0.87,4.19,FullStack,4.03,1.0,Meets expectations,1.7,1.33,100.00%,2020,Ashish,-0.004475524475524473,1.5532575757575757,0.015839160839160836,1.686212121212121,0.0019230769230769247,0.8616666666666666
CIC062021-8839,68%,Need Less Help,Improvement needed,3.9,1.32,1.65,B.E. / B.TECH IT,0.94,3.92,DeepTech,3.7625,0.7,Meets expectations,1.46,1.6025,86.67%,2018,Dilip,-0.003741258741258737,1.3459848484848487,-0.0006643356643356649,1.6551515151515148,0.0,0.9399999999999998
CIC062021-8841,100%,Need Less Help,Meets expectations,4.34,1.47,1.75,Other Non IT,0.91,4.13,FullStack,4.3925,0.94,Exceeds expectations,1.79,1.6625,100.00%,2017,Sunil,-8.856861538460906e-05,1.3207675946666666,0.00017412546153845634,1.458490912666667,0.0001342356846153854,0.7688366240666665
CIC062021-8844,95%,Need Less Help,Improvement needed,3.92,1.38,1.7,BSc IT,0.82,3.91,FullStack,4.17,0.88,Meets expectations,1.73,1.56,100.00%,2020,Dilip,-0.005979020979020996,1.4196969696969697,0.0018881118881118898,1.6893939393939392,-0.0012587412587412637,0.8281818181818181
CIC062021-8845,100%,Need No Help,Meets expectations,3.42,1.27,1.37,B.E. / B.TECH Non IT,0.72,3.35,AdvTech-1,4.14,0.94,Meets expectations,1.94,1.26,0.00%,2019,Sunil,0.005664335664335671,1.2323484848484845,-6.99300699300537e-05,1.3704545454545456,0.005349650349650349,0.6827272727272726
CIC062021-8851,98%,Need Less Help,Meets expectations,3.15,1.06,1.12,B.E. / B.TECH Non IT,0.58,2.75,BasicTech,3.045,0.63,Improvement needed,1.26,1.155,71.43%,2020,Sunil,0.017167832167832173,0.9492424242424244,0.020629370629370643,0.9842424242424247,0.006958041958041954,0.532689393939394
CIC062021-8852,91%,Need Less Help,Improvement needed,3.88,1.45,1.51,B.E. / B.TECH Non IT,0.76,3.72,FullStack,2.735,0.68,Improvement needed,1.18,0.875,90.48%,2021,Gunjan,0.015279720279720277,1.3515151515151511,0.022307692307692313,1.3616666666666668,0.0041958041958042,0.7327272727272728
CIC062021-8855,100%,Need Less Help,Meets expectations,4.5,1.69,1.72,B.E. / B.TECH Non IT,0.9,4.3,FullStack,4.26125,1.0,Meets expectations,1.88,1.38125,100.00%,2020,Gunjan,0.015944055944055933,1.5863636363636366,0.00986013986013986,1.6542424242424238,0.001923076923076926,0.885
CIC062021-8857,100%,Need Less Help,Improvement needed,3.94,1.23,1.8,B.E. / B.TECH CS,0.87,3.89,AdvTech-1,4.21875,0.91,Meets expectations,1.69,1.61875,100.00%,2020,Sunil,0.019720279720279715,1.021818181818182,0.0190909090909091,0.9259090909090911,0.006013986013986016,0.49132575757575764
CIC062021-8863,100%,Need More Help,Improvement needed,3.11,1.22,1.65,B.E. / B.TECH Non IT,0.87,3.73,AdvTech-1,4.4225,0.97,Meets expectations,1.73,1.7225,100.00%,2021,Sunil,-8.856861538460906e-05,1.3207675946666666,0.00017412546153845634,1.458490912666667,0.0001342356846153854,0.7688366240666665
CIC062021-8870,95%,Need Less Help,Meets expectations,3.91,1.3,1.53,B.E. / B.TECH Non IT,0.85,3.69,AdvTech-1,3.734166667,0.73,Meets expectations,1.46,1.544166667,86.67%,2021,Ashish,0.0056381118881118925,1.266060606060606,0.015909090909090918,1.4274242424242425,0.005769230769230774,0.815
CIC062021-8875,85%,Need No Help,Meets expectations,4.26,1.65,1.74,B.E. / B.TECH Non IT,0.82,4.21,FullStack,3.88125,0.76,Improvement needed,1.82,1.30125,87.50%,2020,Ashish,-0.010743006993006992,1.7262878787878788,0.006678321678321684,1.6940909090909089,0.015139860139860146,0.7107575757575757
CIC062021-8877,93%,Need Less Help,Improvement needed,0.0,1.46,1.46,B.E. / B.TECH Non IT,0.76,3.68,FullStack,2.1,0.49,Improvement needed,0.91,0.7,93.75%,2021,Dilip,0.002848494321678335,1.3533433522424245,0.00013916042657342138,1.4512181853939392,0.00034402589440559535,0.7658063210363636
CIC062021-8880,98%,Need Less Help,Meets expectations,4.16,1.53,1.61,B.E. / B.TECH Non IT,0.81,3.95,FullStack,3.2375,0.76,Improvement needed,1.46,1.0175,100.00%,2020,Gunjan,0.019230769230769232,1.4033333333333333,0.007062937062937069,1.5657575757575757,-0.0014335664335664237,0.8201515151515153
CIC062021-8881,98%,Need Less Help,Meets expectations,4.34,1.51,1.6,B.E. / B.TECH Non IT,0.76,3.87,FullStack,3.99125,0.94,Improvement needed,1.76,1.29125,100.00%,2020,Gunjan,0.007447552447552458,1.460757575757576,0.009650349650349666,1.538939393939394,0.00230769230769231,0.7433333333333333
CIC062021-8883,56%,Need Less Help,Improvement needed,3.68,1.43,1.53,B.E. / B.TECH Non IT,0.84,3.8,AdvTech-2,1.75,0.35,Unsatisfactory,0.7,0.7,50.00%,2018,Gunjan,-0.00745337994755245,1.447474747409091,-0.008933566433566425,1.609318181818182,-0.00031468531468531767,0.8295454545454546
CIC062021-8884,100%,Need No Help,Meets expectations,4.1,1.61,1.62,MSc Non IT,0.82,4.05,FullStack,3.68125,0.94,Improvement needed,1.64,1.10125,100.00%,2017,Sunil,0.003391608391608403,1.5858712121212117,0.0005944055944056019,1.6169696969696972,0.0,0.82
CIC062021-8887,36%,Need Less Help,Improvement needed,3.85,1.51,1.59,B.E. / B.TECH IT,0.7,3.8,AdvTech-2,2.8375,0.63,Improvement needed,1.19,1.0175,93.75%,2021,Ashish,-0.0065034965034964955,1.5522727272727272,0.0035664335664335766,1.5668181818181817,0.0016783216783216798,0.709090909090909
CIC062022-12158,100%,Need More Help,Improvement needed,3.65,1.36,1.49,B.E. / B.TECH,0.82,3.67,AdvTech-2,3.465,1.0,Meets expectations,1.24,1.225,100.00%,2021,Sunil,-0.000342065118881118,1.251790321939394,0.00038391567132866635,1.48712727630303,0.00016920071958041613,0.8194426846727274
CIC062022-12171,91%,Need More Help,Improvement needed,3.65,1.31,1.49,B.E. / B.TECH Non IT,0.88,3.68,AdvTech-2,4.305,1.0,Exceeds expectations,1.5,1.805,88.89%,2019,Sunil,0.0009178321678321763,1.3254924242424242,0.002447552447552456,1.5257575757575754,0.002167832167832179,0.9042424242424242
CIC072020-3788,100%,Need Less Help,Meets expectations,4.4,1.49,1.63,B.E. / B.TECH Non IT,0.88,4.0,FullStack,4.15,1.0,Meets expectations,1.73,1.42,100.00%,2020,Sunil,0.03395104895104895,1.2684848484848483,0.0370541958041958,1.3906060606060604,0.019685314685314693,0.7512121212121213
CIC072020-8128,94%,Need Less Help,Improvement needed,3.95,1.59,1.59,B.E. / B.TECH CS,0.75,3.92,FullStack,3.87,0.82,Exceeds expectations,1.76,1.29,100.00%,2020,Gunjan,0.0004895104895105008,1.585151515151515,0.005944055944055953,1.5496969696969694,0.0037587412587412623,0.7234848484848485
CIC072020-8129,94%,Need Less Help,Improvement needed,3.62,1.45,1.51,B.E. / B.TECH CS,0.77,3.73,FullStack,4.08,0.82,Exceeds expectations,1.7,1.56,76.92%,2019,Gunjan,0.0008391608391608399,1.5145454545454544,0.00041958041958041996,1.5572727272727271,0.0,0.75
CIC072020-8130,96%,Need Less Help,Meets expectations,4.12,1.72,1.62,B.E. / B.TECH Non IT,0.77,4.1,FullStack,3.3,0.63,Meets expectations,1.25,1.42,100.00%,2020,Gunjan,0.00223776223776224,1.702121212121212,-0.0031118881118880953,1.641060606060606,0.0018006993006993023,0.7553787878787878
CIC072020-8306,92%,Need More Help,Improvement needed,3.36,1.41,1.44,B.E. / B.TECH Non IT,0.72,3.57,StdTech,3.85,1.0,Improvement needed,1.52,1.33,100.00%,2020,Dilip,0.00556818181818182,1.3756818181818182,-0.002657342657342657,1.4556060606060606,-0.0009090909090909098,0.7275757575757574
CIC072021-8893,50%,Need More Help,Unsatisfactory,0.0,0.61,1.03,B.E. / B.TECH Non IT,0.75,2.39,BasicTech,3.86,0.7,Improvement needed,1.4,1.76,100.00%,2019,Sunil,0.0,1.4000000000000001,0.0,1.33,0.0,0.7000000000000001
CIC072021-8898,93%,Need No Help,Meets expectations,4.52,1.49,1.76,BSc Non IT,0.93,4.18,FullStack,2.9,0.68,Improvement needed,1.52,0.7,94.12%,2019,Ashish,0.002564102565384622,0.9144444444333332,0.00709790209790209,1.0846969696969695,0.002377622377622384,0.7845454545454547
CIC072021-8900,100%,Need Less Help,Meets expectations,3.92,1.6,1.59,BCA IT,0.8,3.99,FullStack,4.0275,0.665,Meets expectations,1.52,1.8425,86.67%,2019,Gunjan,0.006958041958041977,1.5556060606060609,0.004160839160839171,1.5604545454545455,0.0021678321678321724,0.7842424242424243
CIC072021-8901,98%,Need Less Help,Meets expectations,3.92,1.76,1.77,BSc CS,0.88,4.41,FullStack,4.1525,0.76,Meets expectations,1.58,1.8125,93.33%,2019,Ashish,0.0,0.7400000000000001,0.0,0.5600000000000002,0.0001342356846153854,0.7688366240666665
CIC072021-8906,91%,Need Less Help,Meets expectations,4.39,1.61,1.76,B.E. / B.TECH Non IT,0.85,4.23,FullStack,3.01,0.56,Improvement needed,1.26,1.19,100.00%,2020,Gunjan,0.005279720279720295,1.5748484848484847,0.008916083916083919,1.7045454545454548,0.0006293706293706276,0.8475757575757575
CIC072021-8909,97%,Need Less Help,Meets expectations,3.92,1.55,1.63,B.E. / B.TECH Non IT,0.7,3.88,FullStack,3.92,0.88,Improvement needed,1.64,1.4,100.00%,2016,Sunil Patil,-0.0023076923076923027,1.565,0.004405594405594394,1.601363636363636,0.0,0.7000000000000001
CIC072021-8910,68%,Need No Help,Exceeds expectations,0.0,1.66,1.78,B.E. / B.TECH IT,0.96,4.41,DeepTech,3.67,0.7,Improvement needed,1.64,1.33,100.00%,2019,Gunjan,0.004790209790209783,1.6296969696969699,0.002272727272727277,1.7660606060606063,0.0007692307692307664,0.9566666666666669
CIC072021-8911,94%,Need No Help,Meets expectations,4.04,1.54,1.51,B.E. / B.TECH CS,0.76,3.82,FullStack,2.8,0.56,Unsatisfactory,1.12,1.12,92.86%,2020,Sunil,0.0,1.58,0.0,1.5199999999999998,0.0,0.7000000000000001
CIC072021-8916,78%,Need More Help,Improvement needed,3.52,1.24,1.64,B.E. / B.TECH Non IT,0.82,3.7,FullStack,3.15,0.63,Unsatisfactory,1.33,1.19,100.00%,2020,Dilip,-0.009999999999999998,1.366666666666667,-0.0008391608391608423,1.6454545454545453,-0.00041958041958042186,0.8227272727272729
CIC072021-8918,81%,Need Less Help,Improvement needed,3.65,1.48,1.58,B.E. / B.TECH Non IT,0.84,3.9,AdvTech-1,3.92,0.7,Improvement needed,1.64,1.58,100.00%,2019,Gunjan,0.003365384615384613,1.4600000000000002,0.010244755244755262,1.5142424242424242,-6.993006993007194e-05,0.8387878787878787
CIC072021-8921,92%,Need Less Help,Meets expectations,3.97,1.45,1.56,MCA,0.67,3.68,AdvTech-1,3.2025,0.695,Meets expectations,1.255,1.2525,86.67%,2021,Ashish,0.012010489510489514,1.374431818181818,0.009055944055944058,1.50030303030303,0.01664335664335664,0.5634848484848484
CIC072021-8928,98%,Need Less Help,Meets expectations,4.34,1.7,1.74,MCA,0.83,4.27,FullStack,3.6275,0.7,Improvement needed,1.4,1.5275,93.33%,2019,Gunjan,0.009230769230769232,1.64,0.010524475524475526,1.6724242424242421,0.00895104895104895,0.770151515151515
CIC072021-8930,98%,Need Less Help,Improvement needed,3.84,1.54,1.59,B.E. / B.TECH Non IT,0.79,3.93,FullStack,3.98,0.97,Improvement needed,1.4,1.61,92.31%,2021,Gunjan,0.008461538461538473,1.4849999999999997,0.0040909090909091025,1.5642424242424242,0.0019930069930069977,0.7795454545454544
CIC072021-8933,98%,Need Less Help,Improvement needed,3.78,1.3,1.59,B.E. / B.TECH CS,0.72,3.61,AdvTech-1,3.599166667,0.73,Improvement needed,1.4,1.469166667,93.33%,2021,Ashish,0.007954545454545462,1.2499621212121212,0.010174825174825165,1.5213636363636365,0.00580419580419581,0.683939393939394
CIC072021-8934,100%,Need Less Help,Improvement needed,3.76,1.39,1.69,B.E. / B.TECH Non IT,0.82,3.9,FullStack,3.71,0.76,Improvement needed,1.4,1.55,100.00%,2019,Dilip,0.00041958041958041996,1.4572727272727275,0.00020979020979021697,1.3586363636363632,0.00020979020979020998,0.7286363636363637
CIC072021-8939,100%,Need Less Help,Improvement needed,3.79,1.31,1.57,MSc CS/IT,0.82,3.7,AdvTech-1,2.9825,0.76,Improvement needed,1.26,0.9625,100.00%,2020,Ashish,0.0054370629370629414,1.268409090909091,0.008951048951048953,1.5018181818181817,0.0023426573426573415,0.7989393939393941
CIC072021-8943,98%,Need Less Help,Improvement needed,3.7,1.33,1.69,MCA,0.91,3.94,FullStack,2.59,0.56,Improvement needed,1.26,0.77,92.86%,2021,Dilip,0.003199300699300709,1.3117045454545455,0.0036013986013986045,1.6674242424242427,-0.0013636363636363555,0.9213636363636363
CIC072021-8944,41%,Need Less Help,Meets expectations,3.91,1.57,1.59,B.E. / B.TECH Non IT,0.7,3.86,AdvTech-2,3.8,0.79,Improvement needed,1.4,1.61,100.00%,2021,Ashish,-0.0029370629370629397,1.519090909090909,-0.0012587412587412475,1.6081818181818184,0.003986013986013986,0.8040909090909091
CIC072021-8951,3%,Need Less Help,Improvement needed,0.0,1.14,1.58,B.E. / B.TECH Non IT,1.0,3.72,FullStack,2.7475,0.7,Improvement needed,1.26,0.7875,100.00%,2021,Dilip,-0.00020979020979021697,1.1413636363636368,0.0,1.58,0.0,1.0
CIC072021-8960,53%,Need More Help,Unsatisfactory,0.0,0.74,1.08,B.E. / B.TECH Non IT,0.94,2.76,BasicTech,4.17,0.91,Exceeds expectations,1.63,1.63,100.00%,2021,Ashish,0.0038111888111888154,0.7127272727272727,0.0066433566433566505,1.0384848484848486,0.0,0.9399999999999998
CIC072021-8961,98%,Need More Help,Improvement needed,3.32,1.29,1.35,B.E. / B.TECH Non IT,0.79,3.43,FullStack,4.18,0.82,Exceeds expectations,1.7,1.66,100.00%,2021,Dilip,0.004632867132867141,1.2569696969696966,-0.0028671328671328565,1.3686363636363634,0.010236013986013995,0.7265909090909088
CIC072021-8963,93%,Need More Help,Unsatisfactory,2.87,1.23,1.31,B.E. / B.TECH CS,0.68,3.21,AdvTech-1,4.1,0.88,Exceeds expectations,1.565,1.655,100.00%,2017,Ashish,0.0,1.1200000000000003,0.0,0.9800000000000001,0.00019230769230769247,0.7783333333333334
CIC072021-8965,93%,Need Less Help,Improvement needed,3.61,1.42,1.42,BSc Non IT,0.66,3.49,BasicTech,4.36,0.88,Exceeds expectations,1.82,1.66,88.89%,2021,Gunjan,-8.856861538460906e-05,1.3207675946666666,0.00017412546153845634,1.458490912666667,0.0001342356846153854,0.7688366240666665
CIC072021-8967,100%,Need Less Help,Improvement needed,3.95,1.5,1.54,B.E. / B.TECH IT,0.79,3.83,StdTech,4.185,0.85,Meets expectations,1.67,1.665,88.89%,2019,Ashish,0.010069930069930063,1.417878787878788,0.024755244755244755,1.3374242424242424,0.0033566433566433597,0.7615151515151514
CIC072021-8970,92%,Need Less Help,Improvement needed,0.0,1.4,1.4,B.E. / B.TECH Non IT,0.77,3.58,FullStack,4.3,0.85,Exceptional,1.73,1.72,100.00%,2018,Dilip,0.0,1.58,0.0,1.5199999999999998,0.0,0.7000000000000001
CIC072021-8979,92%,Need Less Help,Improvement needed,0.0,1.5,1.52,B.E. / B.TECH Non IT,0.74,3.75,AdvTech-1,4.27,0.815,Exceptional,1.76,1.695,88.89%,2017,Dilip,0.005052447552447554,1.4659090909090908,0.00451048951048951,1.489848484848485,0.004833916083916081,0.7062878787878789
CIC072021-9048,89%,Need Less Help,Meets expectations,3.86,1.47,1.52,B.E. / B.TECH Non IT,0.77,3.76,AdvTech-2,3.76,0.85,Improvement needed,1.33,1.58,84.62%,2020,Sunil,-0.00034965034965035,1.4706060606060607,0.005454545454545458,1.4845454545454544,0.006363636363636369,0.7269696969696968
CIC072021-9071,98%,Need Less Help,Improvement needed,3.39,1.3,1.54,B.E. / B.TECH CS,0.8,3.64,AdvTech-2,3.056666667,0.665,Improvement needed,1.19,1.201666667,100.00%,2021,Gunjan,-0.026608391608391603,1.468787878787879,0.006118881118881128,1.4977272727272724,0.0029545454545454575,0.7837121212121214
CIC072021-9110,96%,Need More Help,Improvement needed,3.17,1.14,1.32,B.E. / B.TECH Non IT,0.72,3.18,BasicTech,3.74,0.7,Improvement needed,1.46,1.58,61.54%,2018,Sunil,0.0,1.1099999999999999,0.0,1.32,-9.615384615384838e-05,0.6108333333333335
CIC072021-9112,85%,Need More Help,Improvement needed,2.9,1.12,1.34,B.E. / B.TECH Non IT,0.84,3.3,AdvTech-1,3.95,0.94,Improvement needed,1.4,1.61,100.00%,2021,Ashish,0.0013636363636363637,0.8407196969696968,0.0058041958041958105,1.043939393939394,-0.0009790209790209818,0.7263636363636362
CIC072021-9116,82%,Need More Help,Improvement needed,3.52,1.35,1.42,B.E. / B.TECH Non IT,0.8,3.57,StdTech,4.21,0.88,Meets expectations,1.7,1.63,83.33%,2016,Sunil,-0.005209790209790198,1.3834469696969696,0.0005244755244755187,1.4140909090909088,-0.0012237762237762156,0.8087878787878788
CIC072021-9119,98%,Need More Help,Improvement needed,0.0,1.31,1.47,B.E. / B.TECH Non IT,0.77,3.55,AdvTech-1,4.67,0.94,Meets expectations,1.91,1.82,92.86%,2018,Sunil,0.0015821678321678364,1.2982575757575758,0.0031468531468531497,1.4495454545454545,0.005244755244755251,0.7359090909090907
CIC072021-9120,98%,Need Less Help,Meets expectations,4.46,1.44,1.69,B.E. / B.TECH CS,0.92,4.05,FullStack,4.1,0.79,Improvement needed,1.7,1.61,76.92%,2018,Ashish,0.0,1.0500000000000003,0.0,1.4000000000000001,0.0,0.7000000000000001
CIC072021-9122,77%,Need Less Help,Meets expectations,3.86,1.66,1.61,M.E. / M.Tech CS/IT,0.82,4.08,AdvTech-2,4.0725,0.94,Meets expectations,1.88,1.2525,100.00%,2019,Gunjan,0.0018181818181818136,1.6448484848484848,0.0012587412587412793,1.6018181818181814,-0.0034965034965035013,0.8393939393939395
CIC072021-9123,79%,Need Less Help,Improvement needed,3.95,1.47,1.66,B.E. / B.TECH Non IT,0.84,3.96,FullStack,3.97,0.94,Meets expectations,1.6,1.43,100.00%,2019,Gunjan,-0.005839160839160839,1.5087878787878786,0.004965034965034963,1.626060606060606,0.0055944055944055935,0.7994696969696969
CIC072021-9132,7%,Need More Help,Improvement needed,3.36,0.92,1.49,MCA,0.89,3.3,StdTech,3.71,0.7,Improvement needed,1.4,1.61,69.23%,2019,Dilip,0.0031118881118881205,0.9072727272727271,0.0038811188811188847,1.4622727272727272,-0.008741258741258735,0.9651515151515151
CIC072021-9133,80%,Need More Help,Improvement needed,0.0,1.4,1.39,B.E. / B.TECH CS,0.7,3.5,AdvTech-1,3.62,0.74,Improvement needed,1.43,1.45,100.00%,2021,Sunil,-0.012185314685314697,1.4812878787878792,-0.016993006993007,1.5021212121212124,-0.011013986013986017,0.7707575757575759
CIC072021-9136,88%,Need Less Help,Improvement needed,3.8,1.53,1.44,B.E. / B.TECH CS,0.69,3.65,FullStack,4.01,0.79,Improvement needed,1.52,1.7,92.31%,2020,Gunjan,0.020559440559440555,1.3730303030303033,0.011188811188811182,1.3472727272727272,0.004798951048951051,0.650681818181818
CIC072021-9146,90%,Need Less Help,Meets expectations,3.9,1.55,1.54,B.E. / B.TECH Non IT,0.83,3.92,FullStack,3.485,0.715,Improvement needed,1.365,1.405,100.00%,2021,Gunjan,0.0,1.4600000000000002,0.0,1.4600000000000002,0.0,0.7000000000000001
CIC082020-4406,98%,Need Less Help,Meets expectations,4.04,1.56,1.59,B.E. / B.TECH CS,0.76,3.91,FullStack,4.05,0.94,Exceeds expectations,1.88,1.23,92.86%,2020,Dilip,0.003951048951048963,1.5368181818181816,0.004265734265734277,1.5606060606060603,0.0020979020979020988,0.7463636363636362
CIC082020-8377,100%,Need Less Help,Meets expectations,3.21,1.3,1.34,B.E. / B.TECH CS,0.69,3.33,BasicTech,2.63375,0.7,Unsatisfactory,1.155,0.77875,100.00%,2019,Ashish,-0.0031818181818181763,1.3215151515151518,-0.0012937062937062864,1.3475757575757574,-0.0016783216783216829,0.7009090909090908
CIC082020-8484,50%,Need Less Help,Improvement needed,0.0,1.38,1.41,B.E. / B.TECH CS,0.82,3.6,FullStack,3.1325,0.7,Improvement needed,1.295,1.1375,100.00%,2018,Dilip,0.001414927888111902,1.340161534060606,-0.0027629374755244857,1.4492484884242425,0.0010782916286713338,0.7852002604303029
CIC082021-9151,96%,Need More Help,Improvement needed,3.5,1.23,1.31,B.E. / B.TECH CS,0.85,3.39,AdvTech-1,3.62,0.7,Improvement needed,1.43,1.49,69.23%,2018,Ashish,-8.856861538460906e-05,1.3207675946666666,0.00017412546153845634,1.458490912666667,0.0001342356846153854,0.7688366240666665
CIC082021-9192,100%,Need Less Help,Improvement needed,3.86,1.43,1.49,B.E. / B.TECH Non IT,0.71,3.62,FullStack,3.56,0.72,Improvement needed,1.47,1.37,100.00%,2018,Sunil,0.005384615384615381,1.3933333333333335,0.014160839160839163,1.397121212121212,0.0029020979020979013,0.6886363636363637
CIC082021-9196,65%,Need Less Help,Meets expectations,3.53,1.44,1.48,M.E. / M.Tech CS/IT,0.83,3.75,AdvTech-1,3.715,0.775,Improvement needed,1.465,1.475,100.00%,2021,Gunjan,-0.007237762237762242,1.4895454545454545,-0.006783216783216787,1.520757575757576,-0.0037062937062937082,0.8524242424242423
CIC082021-9201,98%,Need Less Help,Meets expectations,4.04,1.46,1.62,B.E. / B.TECH Non IT,0.89,3.97,FullStack,3.06,0.59,Improvement needed,1.28,1.19,100.00%,2020,Nagendra,0.010209790209790216,1.3919696969696969,0.00510489510489511,1.5884848484848486,0.0076223776223776265,0.8371212121212122
CIC082021-9202,96%,Need Less Help,Meets expectations,3.98,1.67,1.57,MSc CS/IT,0.79,4.03,FullStack,4.75,0.905,Exceeds expectations,1.875,1.97,100.00%,2020,Gunjan,0.0003496503496503523,1.6693939393939397,0.004055944055944062,1.5436363636363637,-0.0029370629370629284,0.8090909090909091
CIC082021-9226,92%,Need More Help,Improvement needed,3.47,1.57,1.41,B.E. / B.TECH IT,0.6,3.58,StdTech,2.9275,0.56,Improvement needed,1.12,1.2475,66.67%,2016,Ashish,-0.00010489510489509644,1.319848484848485,-0.0005244755244755163,1.6042424242424247,0.00020979020979020998,0.8486363636363636
CIC082021-9233,73%,Need Less Help,Improvement needed,3.57,1.26,1.59,B.E. / B.TECH IT,0.87,3.71,StdTech,4.16,0.82,Meets expectations,1.7,1.64,100.00%,2019,Dilip,-0.006643356643356641,1.3123484848484848,-0.007552447552447536,1.6474242424242427,-0.0026923076923076883,0.8883333333333331
CIC082021-9281,100%,Need Less Help,Improvement needed,4.17,1.62,1.49,B.E. / B.TECH CS,0.77,3.88,FullStack,2.01,0.82,Improvement needed,1.45,0.875,100.00%,2019,Gunjan,0.029650349650349666,1.423939393939394,0.009335664335664344,1.4318181818181817,0.003977272727272731,0.7410227272727273
CIC082021-9288,98%,Need Less Help,Improvement needed,3.84,1.38,1.68,B.E. / B.TECH Non IT,0.89,3.95,FullStack,1.885,0.7,Improvement needed,1.46,0.805,64.29%,2019,Dilip,0.005620629370629357,1.341590909090909,-0.0028671328671328695,1.7003030303030302,-0.0019230769230769158,0.9016666666666666
CIC082021-9293,100%,Need Less Help,Meets expectations,4.46,1.55,1.71,M.E. / M.Tech Non IT,0.89,4.14,FullStack,2.61,0.94,Meets expectations,1.88,1.2,92.86%,2020,Gunjan,0.019020979020979024,1.4263636363636363,0.014580419580419586,1.612727272727273,0.010804195804195805,0.8172727272727274
CIC082021-9295,89%,Need Less Help,Meets expectations,3.98,1.58,1.61,B.E. / B.TECH CS,0.79,3.99,FullStack,2.64,1.0,Meets expectations,1.7,1.29,100.00%,2019,Ashish,0.0004895104895105024,1.5784848484848482,0.0008741258741258874,1.6051515151515148,0.0029720279720279797,0.7715151515151513
CIC082021-9301,100%,Need Less Help,Improvement needed,3.84,1.46,1.68,B.E. / B.TECH Non IT,0.89,4.03,DeepTech,3.5375,0.68,Meets expectations,1.5975,1.26,100.00%,2020,Dilip,0.00965909090909091,1.398257575757576,-0.0011888111888111968,1.6893939393939394,-0.001923076923076919,0.9016666666666666
CIC082021-9308,97%,Need Less Help,Improvement needed,3.51,1.17,1.59,B.E. / B.TECH Non IT,0.81,3.57,AdvTech-1,3.14,0.66,Improvement needed,1.22,1.26,100.00%,2020,Dilip,-0.004090909090909106,1.196590909090909,-0.007622377622377607,1.6412121212121211,-0.0014335664335664263,0.8201515151515153
CIC082021-9364,90%,Need Less Help,Meets expectations,4.16,1.52,1.67,B.E. / B.TECH Non IT,0.88,4.06,FullStack,3.295,0.655,Improvement needed,1.385,1.255,100.00%,2020,Ashish,0.010314685314685325,1.4504545454545452,0.003356643356643348,1.6481818181818189,0.0008391608391608399,0.8720454545454546
CIC082021-9383,63%,Need More Help,Improvement needed,3.32,1.11,1.47,MCA,0.81,3.39,BasicTech,3.0,0.595,Improvement needed,1.285,1.12,100.00%,2021,Ashish,0.00793706293706294,0.840909090909091,-0.0009790209790209799,1.4063636363636365,-0.0037062937062937095,0.8849242424242425
CIC082021-9385,100%,Need Less Help,Improvement needed,4.04,1.55,1.48,M.E. / M.Tech CS/IT,0.73,3.75,AdvTech-2,3.135,0.655,Improvement needed,1.22,1.26,100.00%,2019,Sunil,0.012132867132867129,1.4703030303030307,0.005454545454545455,1.4412121212121214,0.01027972027972028,0.6615151515151516
CIC082021-9391,6%,Need Less Help,Improvement needed,3.81,1.18,1.66,B.E. / B.TECH Non IT,0.94,3.78,AdvTech-1,3.9725,1.0,Meets expectations,1.94,1.0325,100.00%,2016,Dilip,0.0024125874125874055,1.165151515151515,0.0032867132867132813,1.636969696969697,-0.005069930069930077,0.9754545454545454
CIC082021-9419,35%,Need Less Help,Improvement needed,3.58,1.2,1.61,B.E. Computer Engineering,0.9,3.71,FullStack,3.86,0.82125,Improvement needed,1.595,1.44375,90.91%,2018,Ashish Vishwakarma,-0.004258149034965034,1.2684948673939396,0.003530768818181825,1.5366727308484847,0.0017426272930069922,0.8400487452787877
CIC082021-9478,78%,Need Less Help,Improvement needed,0.0,1.47,1.39,B.E. / B.TECH Non IT,0.76,3.62,FullStack,3.625,0.73,Meets expectations,1.515,1.38,100.00%,2020,Ashish,-0.004125874125874137,1.1680681818181822,0.007762237762237758,1.341212121212121,0.010384615384615384,0.7516666666666667
CIC082021-9504,98%,Need Less Help,Meets expectations,3.65,1.48,1.57,B.E. / B.TECH Non IT,0.89,3.94,FullStack,3.855,0.79,Meets expectations,1.545,1.52,100.00%,2019,Sunil,-0.008041958041958045,1.531439393939394,-0.010979020979020968,1.6430303030303028,-0.002027972027972022,0.9015151515151515
CIC082021-9567,100%,Need More Help,Improvement needed,2.94,1.12,1.15,B.E. / B.TECH CS,0.61,2.88,BasicTech,3.015,0.56,Improvement needed,1.51,0.945,93.33%,2021,Sunil,0.00018356643356644907,1.1173484848484851,-0.0006643356643356722,1.1534848484848488,-1.9409493437502734e-18,0.6100000000000001
CIC092020-5571,92%,Need More Help,Improvement needed,3.92,1.39,1.44,B.E. / B.TECH Non IT,0.66,3.49,BasicTech,3.335,0.85,Improvement needed,1.225,1.26,100.00%,2018,Sunil,0.0,1.4000000000000001,0.0,1.58,0.0,0.9399999999999998
CIC092020-8353,92%,Need Less Help,Meets expectations,3.86,1.42,1.56,MCA,0.9,3.87,AdvTech-1,1.95125,0.35,Unsatisfactory,0.77,0.83125,100.00%,2020,Sunil,0.007342657342657348,1.3706060606060602,0.008601398601398608,1.4940909090909091,-0.0033566433566433506,0.9218181818181818
CIC092020-8447,92%,Need Less Help,Improvement needed,3.78,1.33,1.61,B.E. / B.TECH Non IT,0.89,3.82,FullStack,4.34,1.0,Meets expectations,1.67,1.67,100.00%,2019,Dilip,0.002648601398601404,1.3125757575757575,-0.0017832167832167662,1.619090909090909,-0.00454545454545454,0.9178787878787878
CIC092021-9550,14%,Need More Help,Improvement needed,0.0,1.16,1.52,B.E. / B.TECH Non IT,0.63,3.31,BasicTech,3.025,0.76,Improvement needed,1.32,0.945,46.67%,2019,Sunil,0.0035576923076923016,1.23625,0.0018531468531468463,1.6387878787878785,6.993006993007892e-05,0.7978787878787879
CIC092021-9597,96%,Need Less Help,Improvement needed,3.54,1.31,1.35,B.E. / B.TECH Non IT,0.82,3.48,AdvTech-1,2.965,0.7,Improvement needed,1.32,0.945,100.00%,2019,Ashish,-0.0019318181818181934,1.1619318181818183,0.0030769230769230765,1.5083333333333333,-0.0002447552447552516,0.6924242424242424
CIC092021-9622,90%,Need No Help,Meets expectations,3.9,1.41,1.71,B.Tech Electronics Engineering,0.94,4.06,FullStack,3.4575,0.815,Meets expectations,1.245,1.3975,100.00%,2018,Sunil,0.0049650349650349574,1.371060606060606,-0.004720279720279719,1.3115151515151513,-0.003811188811188812,0.5756060606060606
CIC092021-9649,95%,Need Less Help,Improvement needed,3.52,1.24,1.6,B.E. / B.TECH IT,0.81,3.64,AdvTech-1,4.43,0.94,Meets expectations,1.79,1.7,92.86%,2021,Dilip,-0.005034965034965036,1.266060606060606,-0.000699300699300682,1.601212121212121,-0.0009790209790209701,0.8096969696969697
CIC092021-9654,97%,Need Less Help,Meets expectations,3.96,1.36,1.66,B.E. / B.TECH Non IT,0.91,3.93,AdvTech-2,3.245,0.69,Improvement needed,1.26,1.295,100.00%,2020,Dilip,0.0027622377622377715,1.341212121212121,0.005979020979020964,1.6136363636363635,0.008461538461538461,0.8333333333333333
CIC092021-9656,100%,Need Less Help,Meets expectations,3.89,1.44,1.4,B.E. / B.TECH Non IT,0.82,3.67,FullStack,3.03,0.59,Improvement needed,1.29,1.15,100.00%,2021,Sunil,-0.004283216783216795,1.4707575757575755,-0.011223776223776231,1.4754545454545454,0.004720279720279719,0.7884848484848486
CIC092021-9667,46%,Need More Help,Improvement needed,0.0,1.1,1.36,B.E. / B.TECH Non IT,0.79,3.26,AdvTech-1,1.75,0.35,Unsatisfactory,0.7,0.7,66.67%,2021,Ashish,-0.0010402097902097865,0.9065530303030304,-0.00839160839160839,0.9428787878787879,-0.0026923076923076918,0.46666666666666673
CIC092021-9686,88%,Need Less Help,Meets expectations,3.8,1.4,1.38,BSc Non IT,0.84,3.62,FullStack,3.945,0.79,Meets expectations,1.55,1.605,100.00%,2016,Ashish,0.002272727272727266,1.3860606060606064,0.004300699300699292,1.3528787878787878,0.005419580419580417,0.8039393939393938
CIC092021-9697,98%,Need Less Help,Meets expectations,4.03,1.48,1.71,M.E. / M.Tech Non IT,0.8,4.0,FullStack,3.845,0.88,Meets expectations,1.5,1.465,100.00%,2104,Gunjan,0.008793706293706295,1.424090909090909,0.004300699300699302,1.6845454545454546,-0.005874125874125867,0.838181818181818
CIC092021-9698,96%,Need Less Help,Meets expectations,3.83,1.55,1.59,B.E. / B.TECH Non IT,0.93,4.07,AdvTech-1,3.13,0.56,Improvement needed,1.275,1.295,90.00%,2020,Sunil,-0.004702797202797201,1.5809848484848488,-0.017867132867132863,1.7053030303030303,-6.993006993005951e-05,0.9321212121212119
CIC092021-9707,98%,Need Less Help,Meets expectations,4.22,1.54,1.74,B.E. / B.TECH Non IT,0.9,4.18,FullStack,3.585,0.785,Meets expectations,1.35,1.45,85.71%,2021,Gunjan,-0.0006293706293706299,1.5457575757575754,-0.0020979020979021022,1.7536363636363632,0.0050349650349650376,0.8672727272727273
CIC092021-9711,100%,Need More Help,Improvement needed,3.01,1.26,1.37,B.E. / B.TECH Non IT,0.63,3.25,AdvTech-1,4.07,0.82,Meets expectations,1.67,1.58,100.00%,2019,Sunil,-0.006975524475524467,1.3040909090909087,-0.020559440559440544,1.5019696969696974,-0.01472027972027972,0.7231818181818181
CIC092021-9712,60%,Need Less Help,Improvement needed,0.0,1.2,1.62,B.E. / B.TECH Non IT,0.86,3.68,FullStack,3.96,0.81,Meets expectations,1.65,1.5,92.86%,2021,Dilip,-0.0009527972027972151,1.2080681818181815,0.0013286713286713501,1.6096969696969696,-0.0007692307692307675,0.8633333333333333
CIC092021-9722,83%,Need Less Help,Meets expectations,4.64,1.75,1.8,B.E. / B.TECH IT,0.96,4.51,DeepTech,4.7,0.94,Meets expectations,1.88,1.88,100.00%,2018,Gunjan,0.008610139860139856,1.6963257575757575,-0.000349650349650343,1.803939393939394,0.003286713286713287,0.9369696969696972
CIC092021-9730,100%,Need Less Help,Improvement needed,3.84,1.34,1.66,B.E. / B.TECH Non IT,0.82,3.81,FullStack,2.59,0.49,Improvement needed,1.05,1.05,100.00%,2021,Gunjan,-0.008304195804195795,1.3902272727272726,3.496503496503422e-05,1.6589393939393937,-0.0020979020979021,0.8336363636363636
CIC092021-9738,96%,Need Less Help,Improvement needed,3.74,1.46,1.45,B.E. / B.TECH Non IT,0.74,3.65,AdvTech-1,3.815,0.76,Meets expectations,1.48,1.575,100.00%,2021,Gunjan,0.00790209790209791,1.4103030303030304,0.004335664335664333,1.4218181818181819,0.00468531468531469,0.7078787878787879
CIC092021-9745,86%,Need More Help,Improvement needed,3.51,1.1,1.52,BCA IT,0.78,3.41,AdvTech-1,4.13,0.85,Exceeds expectations,1.64,1.64,100.00%,2020,Gunjan,1.0869316325001531e-17,1.1200000000000003,-0.00541958041958041,1.3843939393939395,0.002202797202797204,0.6931818181818182
CIC092021-9749,100%,Need Less Help,Meets expectations,4.16,1.58,1.62,B.E. / B.TECH Non IT,0.89,4.08,AdvTech-2,3.91,0.82,Meets expectations,1.52,1.57,100.00%,2019,Gunjan,0.004860139860139873,1.549242424242424,0.0008391608391608461,1.6112121212121213,0.0017482517482517502,0.876969696969697
CIC092021-9757,100%,Need Less Help,Improvement needed,3.74,1.49,1.49,B.E. / B.TECH CS,0.76,3.74,AdvTech-1,4.19,0.88,Meets expectations,1.67,1.64,100.00%,2020,Gunjan,0.010515734265734265,1.4193560606060605,0.0016783216783216798,1.479090909090909,-0.002937062937062932,0.779090909090909
CIC092021-9786,86%,Need No Help,Meets expectations,4.52,1.65,1.72,B.E. / B.TECH Non IT,0.85,4.23,AdvTech-2,3.44,0.82,Meets expectations,1.29,1.33,85.71%,2020,Nagendra,0.0095104895104895,1.5898484848484846,0.011888111888111895,1.646060606060606,0.02150349650349651,0.7102272727272727
CIC092021-9798,91%,Need No Help,Exceeds expectations,4.4,1.65,1.68,B.E. / B.TECH CS,0.86,4.19,FullStack,3.25,0.655,Meets expectations,1.25,1.345,100.00%,2019,Sunil,0.002937062937062919,1.1109090909090906,-0.003251748251748256,1.228636363636364,0.0007342657342657338,0.6327272727272726
CIC092021-9824,97%,Need Less Help,Meets expectations,4.1,1.66,1.77,B.E. / B.TECH CS,0.99,4.42,AdvTech-2,4.6,0.94,Exceeds expectations,1.88,1.78,100.00%,2020,Sunil,-0.006923076923076925,1.7066666666666663,0.0026923076923076974,1.7516666666666663,0.0010839160839160849,0.9837878787878788
CIC092021-9837,74%,Need Less Help,Meets expectations,0.0,1.61,1.6,B.E. / B.TECH CS,0.88,4.09,FullStack,4.52,0.88,Exceeds expectations,1.85,1.79,100.00%,2020,Sunil,0.003347902097902111,1.5796969696969696,-0.0017832167832167645,1.6207575757575756,0.003566433566433566,0.8551515151515152
CIC092021-9852,56%,Need Less Help,Meets expectations,3.85,1.44,1.57,B.E. / B.TECH CS,0.82,3.85,FullStack,3.5,0.81,Meets expectations,1.44,1.25,92.86%,2019,Gunjan,0.0027622377622377567,1.420378787878788,-0.008426573426573412,1.6272727272727272,-0.0028321678321678373,0.8375757575757576
CIC102020-6433,98%,Need Less Help,Meets expectations,3.85,1.51,1.54,B.E. / B.TECH Non IT,0.79,3.84,FullStack,3.81,1.0,Improvement needed,1.55,1.26,100.00%,2017,Dilip,0.0027972027972028,1.485151515151515,-0.0004545454545454511,1.540454545454545,0.004545454545454553,0.7521212121212121
CIC102020-8119,73%,Need Less Help,Improvement needed,4.04,1.56,1.65,B.E. / B.TECH IT,0.82,4.03,AdvTech-1,4.19,0.94,Meets expectations,1.64,1.61,100.00%,2020,Ashish,-0.0005069930069929977,1.5628787878787878,0.0016083916083916015,1.6395454545454542,0.0,0.82
CIC102020-8340,98%,Need Less Help,Meets expectations,3.8,1.5,1.65,B.E. / B.TECH CS,0.72,3.87,AdvTech-1,3.7,0.76,Exceeds expectations,1.32,1.62,100.00%,2019,Gunjan,-0.0016083916083916015,1.5087878787878786,-0.001923076923076927,1.663333333333333,0.0006468531468531439,0.7162121212121212
CIC102021-10000,94%,Need Less Help,Improvement needed,3.65,1.39,1.69,Computer Science,0.9,3.98,FullStack,3.68,0.63,Meets expectations,1.57,1.48,100.00%,2020,Ashish Vishwakarma,-0.005340909090909099,1.4224242424242424,-0.00398601398601399,1.715909090909091,-0.0016783216783216718,0.9109090909090909
CIC102021-10026,100%,Need More Help,Improvement needed,3.76,1.28,1.47,MCA,0.88,3.62,FullStack,4.18,0.85,Meets expectations,1.63,1.7,92.86%,2020,Sunil,0.004798951048951052,1.2490151515151513,0.011888111888111893,1.3860606060606062,0.008741258741258744,0.8215151515151515
CIC102021-10031,98%,Need Less Help,Improvement needed,3.54,1.3,1.27,B.E. / B.TECH Non IT,0.83,3.4,AdvTech-1,4.34,0.85,Meets expectations,1.73,1.76,92.86%,2020,Ashish,-0.00010489510489509256,1.2981818181818183,0.005244755244755245,1.2359090909090906,0.003566433566433563,0.8068181818181818
CIC102021-10037,100%,Need More Help,Improvement needed,3.76,1.36,1.57,B.E. / B.TECH CS,0.88,3.81,FullStack,4.46,0.88,Exceeds expectations,1.82,1.76,92.86%,2019,Sunil,0.005279720279720295,1.323181818181818,0.011223776223776238,1.4978787878787876,0.002937062937062939,0.8609090909090911
CIC102021-10039,92%,Need Less Help,Improvement needed,4.04,1.56,1.43,B.E. / B.TECH Non IT,0.7,3.69,FullStack,4.555,0.97,Meets expectations,1.75,1.835,100.00%,2018,Nagendra,0.030174825174825178,1.3646969696969693,0.042972027972027975,1.1498484848484851,0.0,0.7000000000000001
CIC102021-10044,100%,Need No Help,Meets expectations,4.36,1.36,1.79,Diploma Non IT,0.93,4.08,FullStack,3.1475,0.725,Meets expectations,1.285,1.1375,100.00%,2021,Gunjan,0.018881118881118875,1.233939393939394,0.034720279720279724,1.5668181818181814,0.012692307692307697,0.8449999999999999
CIC102021-10055,98%,Need Less Help,Improvement needed,3.54,1.27,1.34,B.E. / B.TECH Non IT,0.83,3.44,AdvTech-1,4.2825,1.0,Meets expectations,1.72,1.5625,100.00%,2021,Ashish,0.0016083916083916168,1.2595454545454543,0.003181818181818195,1.3184848484848484,0.002307692307692308,0.815
CIC102021-10058,75%,Need Less Help,Meets expectations,4.1,1.46,1.69,B.E. / B.TECH Non IT,0.91,4.06,FullStack,3.94,0.76,Meets expectations,1.54,1.64,0.00%,2021,Ashish,-8.856861538460906e-05,1.3207675946666666,0.00017412546153845634,1.458490912666667,0.0001342356846153854,0.7688366240666665
CIC102021-10060,86%,Need More Help,Improvement needed,3.32,1.1,1.49,B.E. / B.TECH CS,0.78,3.37,StdTech,3.075,0.625,Meets expectations,1.275,1.175,85.71%,2019,Ashish Vishwakarma,-0.0067395104895104745,1.1440151515151513,-0.006363636363636364,1.5313636363636363,-0.005664335664335661,0.8151515151515151
CIC102021-10062,91%,Need More Help,Improvement needed,0.0,1.25,1.36,MCA,0.69,3.3,AdvTech-1,4.8025,1.0,Exceeds expectations,1.87,1.9325,100.00%,2017,Sunil,0.00381993006993007,1.222878787878788,0.001678321678321693,1.3507575757575756,0.0009440559440559415,0.6830303030303029
CIC102021-10065,88%,Need Less Help,Improvement needed,3.54,1.32,1.39,B.E. / B.TECH CS,0.84,3.55,AdvTech-1,4.84,1.0,Exceptional,1.87,1.97,100.00%,2021,Ashish,-3.4965034965018695e-05,1.3193939393939393,0.005804195804195786,1.3522727272727277,0.003776223776223775,0.8154545454545454
CIC102021-10067,90%,Need Less Help,Improvement needed,3.81,1.35,1.36,M.E. / M.Tech Non IT,0.72,3.43,StdTech,3.885,0.94,Improvement needed,1.55,1.395,87.50%,2014,Sunil,-8.856861538460906e-05,1.3207675946666666,0.00017412546153845634,1.458490912666667,0.0001342356846153854,0.7688366240666665
CIC102021-10109,98%,Need More Help,Improvement needed,3.5,1.29,1.39,B.E. / B.TECH Non IT,0.79,3.47,AdvTech-1,3.8325,0.69,Meets expectations,1.48,1.6625,85.71%,2020,Sunil,0.0030069930069930194,1.2712878787878787,0.006258741258741253,1.3484848484848488,0.002202797202797209,0.778181818181818
CIC102021-10116,35%,Need Less Help,Meets expectations,0.0,1.44,1.58,B.E. / B.TECH Non IT,0.93,3.94,AdvTech-1,4.82,0.97,Meets expectations,1.97,1.88,100.00%,2017,Ashish,-0.000804195804195805,1.4443939393939393,0.0019930069930069985,1.5662121212121214,-0.00034965034965034374,0.923939393939394
CIC102021-10119,96%,Need Less Help,Meets expectations,3.94,1.54,1.65,B.E. / B.TECH CS,0.84,4.03,FullStack,4.73,1.0,Exceeds expectations,1.94,1.79,100.00%,2020,Sunil,0.005550699300699308,1.5053787878787876,0.007237762237762224,1.6054545454545452,0.006853146853146854,0.7937878787878788
CIC102021-10120,91%,Need Less Help,Improvement needed,3.88,1.65,1.61,B.E. / B.TECH CS,0.74,4.0,FullStack,4.85,1.0,Exceeds expectations,2.0,1.85,100.00%,2020,Sunil,0.012325174825174824,1.5711363636363636,0.006783216783216783,1.5625757575757573,0.00202797202797203,0.7301515151515151
CIC102021-10123,95%,Need No Help,Exceeds expectations,4.46,1.63,1.65,B.E. / B.TECH Non IT,0.82,4.11,FullStack,3.89,0.85,Meets expectations,1.52,1.52,100.00%,2021,Sunil,-0.0014073426573426677,1.2006060606060605,0.0028671328671328613,1.3596969696969694,0.007097902097902094,0.6963636363636364
CIC102021-9886,94%,Need Less Help,Exceeds expectations,4.16,1.42,1.64,B.E. / B.TECH IT,0.89,3.95,FullStack,4.79,0.94,Exceeds expectations,1.91,1.94,100.00%,2020,Ashish,0.004895104895104888,1.3881818181818182,-0.0023426573426573484,1.6543939393939397,-0.002272727272727273,0.9056060606060607
CIC102021-9890,81%,Need Less Help,Meets expectations,0.0,1.33,1.64,BSc CS,0.81,3.78,FullStack,3.645,0.88,Meets expectations,1.415,1.35,71.43%,2021,Sunil,-8.856861538460906e-05,1.3207675946666666,0.00017412546153845634,1.458490912666667,0.0001342356846153854,0.7688366240666665
CIC102021-9919,82%,Need Less Help,Meets expectations,3.97,1.37,1.63,B.E. / B.TECH IT,0.83,3.83,FullStack,1.75,0.35,Unsatisfactory,0.7,0.7,92.86%,2019,Gunjan,0.007937062937062941,1.3167424242424244,-0.004160839160839176,1.656212121212121,0.0022027972027972038,0.8181818181818182
CIC102021-9920,69%,Need More Help,Improvement needed,2.97,1.19,1.25,B.E. / B.TECH CS,0.68,3.12,AdvTech-1,4.095,0.94,Meets expectations,1.485,1.67,92.86%,2021,Nagendra,0.004930069930069936,1.028787878787879,0.0014335664335664426,1.309848484848485,0.0006293706293706299,0.7059090909090908
CIC102021-9922,95%,Need More Help,Improvement needed,2.63,1.27,1.4,B.E. / B.TECH CS,0.74,3.4,AdvTech-1,4.6625,0.91,Exceeds expectations,1.88,1.8725,92.86%,2020,Ashish,-0.001503496503496499,1.2789393939393938,-0.0014685314685314729,1.407878787878788,0.00013986013986014154,0.7374242424242424
CIC102021-9946,85%,Need Less Help,Improvement needed,3.9,1.34,1.61,B.E. / B.TECH IT,0.83,3.78,FullStack,3.645,0.91,Meets expectations,1.345,1.39,92.86%,2019,Gunjan,-0.004790209790209785,1.3711363636363636,-0.0003846153846153756,1.6116666666666666,0.0019930069930069886,0.8145454545454546
CIC102021-9948,84%,Need Less Help,Improvement needed,0.0,1.21,1.52,B.E. / B.TECH CS,0.88,3.61,AdvTech-1,4.91,1.0,Exceeds expectations,1.97,1.94,100.00%,2019,Ashish,-0.0003671328671328733,1.2115530303030304,-0.00024475524475524654,1.5224242424242425,-0.0010839160839160825,0.8862121212121213
CIC102021-9949,89%,Need Less Help,Improvement needed,3.86,1.4,1.46,MCA,0.9,3.76,FullStack,4.4,0.85,Exceeds expectations,1.76,1.79,100.00%,2019,Gunjan,0.010279720279720274,1.3298484848484846,0.008251748251748249,1.4063636363636363,0.009230769230769237,0.84
CIC102021-9956,84%,Need More Help,Unsatisfactory,3.21,1.29,1.31,B.E. / B.TECH Non IT,0.67,3.27,AdvTech-1,4.64,1.0,Meets expectations,1.82,1.82,94.74%,2020,Ashish,-0.0028059440559440475,1.307613636363636,0.0014335664335664465,1.2998484848484848,0.0011188811188811252,0.6627272727272726
CIC102021-9962,87%,Need No Help,Meets expectations,3.96,1.49,1.69,MCA,0.95,4.13,FullStack,4.005,1.0,Meets expectations,1.455,1.55,93.75%,2014,Sunil,-8.856861538460906e-05,1.3207675946666666,0.00017412546153845634,1.458490912666667,0.0001342356846153854,0.7688366240666665
CIC102021-9963,88%,Need Less Help,Meets expectations,3.85,1.4,1.37,B.E. / B.TECH Non IT,0.84,3.61,AdvTech-2,4.58,0.91,Meets expectations,1.88,1.79,92.86%,2020,Ashish,0.006048951048951039,1.3615151515151513,0.006503496503496519,1.3277272727272729,0.002517482517482518,0.8236363636363636
CIC102021-9966,87%,Need Less Help,Improvement needed,3.8,1.5,1.52,B.E. / B.TECH CS,0.86,3.88,AdvTech-2,4.19,0.85,Meets expectations,1.64,1.7,100.00%,2019,Gunjan,0.005034965034965039,1.4672727272727273,-0.010909090909090922,1.5909090909090913,0.004615384615384615,0.8299999999999998
CIC102021-9988,55%,Need More Help,Improvement needed,2.72,1.18,1.41,B.E. / B.TECH Non IT,0.77,3.36,AdvTech-1,3.955,0.9625,Meets expectations,1.82,1.1725,92.86%,2020,Ashish,-0.0010926573426573536,1.1873106060606058,-0.0034615384615384673,1.4333333333333333,-0.001188811188811182,0.7777272727272726
CIC102021-9995,86%,Need Less Help,Meets expectations,3.96,1.4,1.44,B.E. / B.TECH Non IT,0.84,3.69,FullStack,4.61,0.94,Exceeds expectations,1.82,1.85,100.00%,2020,Ashish,0.004510489510489505,1.3715151515151514,0.0076223776223776135,1.3921212121212119,0.004195804195804197,0.8127272727272727
CIC112020-8075,100%,Need Less Help,Meets expectations,4.12,1.69,1.64,B.E. / B.TECH CS,0.8,4.14,FullStack,3.58125,0.88,Improvement needed,1.445,1.25625,100.00%,2018,Gunjan,-8.856861538460906e-05,1.3207675946666666,0.00017412546153845634,1.458490912666667,0.0001342356846153854,0.7688366240666665
CIC112020-8120,92%,Need Less Help,Improvement needed,4.04,1.54,1.6,B.E. / B.TECH Non IT,0.94,4.08,AdvTech-1,4.565,0.88,Meets expectations,1.88,1.805,94.44%,2019,Ashish,0.00026223776223776674,1.5395454545454543,-0.0008391608391608275,1.6054545454545457,0.0,0.9399999999999998
CIC112020-8267,96%,Need More Help,Improvement needed,2.73,0.84,1.02,B.E. / B.TECH CS,0.47,2.33,BasicTech,2.89,0.49,Improvement needed,0.91,1.49,100.00%,2019,Ashish,0.0045454545454545435,0.8004545454545454,0.00622377622377623,0.9612121212121212,0.003566433566433563,0.44515151515151513
CIC112021-10132,97%,Need More Help,Improvement needed,3.39,1.41,1.25,B.E. / B.TECH Non IT,0.61,3.27,FullStack,4.07,0.79,Meets expectations,1.7,1.58,100.00%,2021,Nagendra,0.0036013986013985998,1.3907575757575756,0.02849650349650348,1.0622727272727275,-9.615384615384838e-05,0.6129166666666667
CIC112021-10133,93%,Need No Help,Exceeds expectations,4.56,1.47,1.86,B.E. / B.TECH Non IT,0.9,4.22,FullStack,4.28,0.88,Meets expectations,1.76,1.64,92.86%,2020,Gunjan,0.016293706293706283,1.3640909090909092,0.03384615384615385,1.6366666666666665,0.01965034965034966,0.7706060606060606
CIC112021-10134,84%,Need More Help,Improvement needed,3.58,1.26,1.65,B.E. / B.TECH Non IT,0.82,3.72,FullStack,4.04,0.85,Meets expectations,1.61,1.58,100.00%,2021,Sunil,-8.856861538460906e-05,1.3207675946666666,0.00017412546153845634,1.458490912666667,0.0001342356846153854,0.7688366240666665
CIC112021-10135,100%,Need More Help,Improvement needed,3.73,1.31,1.52,B.E. / B.TECH Non IT,0.9,3.72,FullStack,3.265,0.72,Meets expectations,1.44,1.105,85.71%,2019,Sunil,0.007823426573426573,1.2572727272727275,0.004510489510489516,1.488181818181818,0.005594405594405598,0.8603030303030305
CIC112021-10154,98%,Need No Help,Meets expectations,4.22,1.39,1.61,B.E. / B.TECH CS,0.82,3.82,FullStack,4.04,0.85,Meets expectations,1.64,1.55,100.00%,2021,Gunjan,0.024440559440559423,1.2319696969696972,0.024545454545454565,1.450454545454545,0.0020979020979020988,0.8063636363636365
CIC112021-10156,100%,Need More Help,Improvement needed,3.67,1.34,1.48,B.E. / B.TECH Non IT,0.84,3.65,StdTech,3.86,0.785,Exceeds expectations,1.665,1.41,87.50%,2020,Sunil,0.003741258741258754,1.3123484848484848,0.00601398601398602,1.4375757575757577,0.0034615384615384577,0.8166666666666668
CIC112021-10158,100%,Need More Help,Improvement needed,3.67,1.32,1.42,B.E. / B.TECH Non IT,0.9,3.64,FullStack,3.945,0.785,Improvement needed,1.695,1.465,81.25%,2021,Sunil,0.0012674825174825276,1.3111363636363638,0.007132867132867128,1.3736363636363635,0.002867132867132873,0.883030303030303
CIC112021-10161,98%,Need No Help,Exceeds expectations,4.56,1.47,1.87,M.E. / M.Tech Non IT,0.9,4.24,FullStack,4.01,0.82,Meets expectations,1.64,1.55,93.33%,2022,Gunjan,0.019475524475524475,1.3425757575757573,0.03174825174825176,1.6653030303030305,0.01793706293706294,0.7809090909090909
CIC112021-10168,91%,Need More Help,Improvement needed,3.21,1.37,1.56,B.E. / B.TECH Non IT,0.77,3.7,FullStack,4.04,0.91,Meets expectations,1.67,1.46,100.00%,2020,Sunil,-8.856861538460906e-05,1.3207675946666666,0.00017412546153845634,1.458490912666667,0.0001342356846153854,0.7688366240666665
CIC112021-10172,93%,Need Less Help,Meets expectations,4.15,1.5,1.6,B.E. / B.TECH Non IT,0.82,3.91,FullStack,3.12,0.72,Improvement needed,1.315,1.085,92.86%,2020,Sunil,-0.014370629370629356,1.1650757575757575,0.0004895104895105032,1.326818181818182,0.005839160839160842,0.7245454545454544
